xof 0303txt 0032
template ColorRGBA {
 <35ff44e0-6c7c-11cf-8f52-0040333594a3>
 FLOAT red;
 FLOAT green;
 FLOAT blue;
 FLOAT alpha;
}

template ColorRGB {
 <d3e16e81-7835-11cf-8f52-0040333594a3>
 FLOAT red;
 FLOAT green;
 FLOAT blue;
}

template Material {
 <3d82ab4d-62da-11cf-ab39-0020af71e433>
 ColorRGBA faceColor;
 FLOAT power;
 ColorRGB specularColor;
 ColorRGB emissiveColor;
 [...]
}

template TextureFilename {
 <a42790e1-7810-11cf-8f52-0040333594a3>
 STRING filename;
}

template Frame {
 <3d82ab46-62da-11cf-ab39-0020af71e433>
 [...]
}

template Matrix4x4 {
 <f6f23f45-7686-11cf-8f52-0040333594a3>
 array FLOAT matrix[16];
}

template FrameTransformMatrix {
 <f6f23f41-7686-11cf-8f52-0040333594a3>
 Matrix4x4 frameMatrix;
}

template Vector {
 <3d82ab5e-62da-11cf-ab39-0020af71e433>
 FLOAT x;
 FLOAT y;
 FLOAT z;
}

template MeshFace {
 <3d82ab5f-62da-11cf-ab39-0020af71e433>
 DWORD nFaceVertexIndices;
 array DWORD faceVertexIndices[nFaceVertexIndices];
}

template Mesh {
 <3d82ab44-62da-11cf-ab39-0020af71e433>
 DWORD nVertices;
 array Vector vertices[nVertices];
 DWORD nFaces;
 array MeshFace faces[nFaces];
 [...]
}

template MeshMaterialList {
 <f6f23f42-7686-11cf-8f52-0040333594a3>
 DWORD nMaterials;
 DWORD nFaceIndexes;
 array DWORD faceIndexes[nFaceIndexes];
 [Material <3d82ab4d-62da-11cf-ab39-0020af71e433>]
}

template VertexElement {
 <f752461c-1e23-48f6-b9f8-8350850f336f>
 DWORD Type;
 DWORD Method;
 DWORD Usage;
 DWORD UsageIndex;
}

template DeclData {
 <bf22e553-292c-4781-9fea-62bd554bdd93>
 DWORD nElements;
 array VertexElement Elements[nElements];
 DWORD nDWords;
 array DWORD data[nDWords];
}

template XSkinMeshHeader {
 <3cf169ce-ff7c-44ab-93c0-f78f62d172e2>
 WORD nMaxSkinWeightsPerVertex;
 WORD nMaxSkinWeightsPerFace;
 WORD nBones;
}

template SkinWeights {
 <6f0d123b-bad2-4167-a0d0-80224f25fabb>
 STRING transformNodeName;
 DWORD nWeights;
 array DWORD vertexIndices[nWeights];
 array FLOAT weights[nWeights];
 Matrix4x4 matrixOffset;
}

template AnimTicksPerSecond {
 <9e415a43-7ba6-4a73-8743-b73d47e88476>
 DWORD AnimTicksPerSecond;
}

template Animation {
 <3d82ab4f-62da-11cf-ab39-0020af71e433>
 [...]
}

template AnimationSet {
 <3d82ab50-62da-11cf-ab39-0020af71e433>
 [Animation <3d82ab4f-62da-11cf-ab39-0020af71e433>]
}

template FloatKeys {
 <10dd46a9-775b-11cf-8f52-0040333594a3>
 DWORD nValues;
 array FLOAT values[nValues];
}

template TimedFloatKeys {
 <f406b180-7b3b-11cf-8f52-0040333594a3>
 DWORD time;
 FloatKeys tfkeys;
}

template AnimationKey {
 <10dd46a8-775b-11cf-8f52-0040333594a3>
 DWORD keyType;
 DWORD nKeys;
 array TimedFloatKeys keys[nKeys];
}


Material Material__47 {
 1.000000;1.000000;1.000000;1.000000;;
 10.000000;
 0.000000;0.000000;0.000000;;
 0.000000;0.000000;0.000000;;

 TextureFilename {
  "winchester_D.tga";
 }
}

Material Material__59 {
 1.000000;1.000000;1.000000;1.000000;;
 10.000000;
 0.000000;0.000000;0.000000;;
 0.000000;0.000000;0.000000;;

 TextureFilename {
  "winchester_D.tga";
 }
}

Material Material__35 {
 1.000000;1.000000;1.000000;1.000000;;
 10.000000;
 0.000000;0.000000;0.000000;;
 0.000000;0.000000;0.000000;;

 TextureFilename {
  "hands_1stP_military_diff.tga";
 }
}

Frame SceneRoot {
 

 FrameTransformMatrix {
  1.000000,0.000000,0.000000,0.000000,0.000000,1.000000,0.000000,0.000000,0.000000,0.000000,1.000000,0.000000,0.000000,0.000000,0.000000,1.000000;;
 }

 Frame RootBone {
  

  FrameTransformMatrix {
   1.000000,0.000000,0.000000,0.000000,0.000000,1.000000,0.000000,0.000000,0.000000,0.000000,1.000000,0.000000,0.000001,0.000000,0.000000,1.000000;;
  }

  Frame Hands_Hub01 {
   

   FrameTransformMatrix {
    0.000000,1.000000,-0.000000,0.000000,0.000001,0.000000,1.000000,0.000000,1.000000,-0.000000,-0.000001,0.000000,-16.293411,-1.446245,2.690252,1.000000;;
   }

   Frame Hands_LArmCollarbone {
    

    FrameTransformMatrix {
     -0.573473,0.667222,0.475337,0.000000,-0.781810,-0.619083,-0.074223,0.000000,0.244750,-0.414188,0.876668,0.000000,0.550024,0.782969,6.584866,1.000000;;
    }

    Frame Hands_LArm1 {
     

     FrameTransformMatrix {
      0.038628,0.746298,0.664490,0.000000,0.245064,0.637603,-0.730346,0.000000,-0.968737,0.191055,-0.158262,0.000000,7.387081,-0.000000,0.000001,1.000000;;
     }

     Frame Hands_LArm2 {
      

      FrameTransformMatrix {
       -0.353949,-0.515089,0.780643,0.000000,0.458125,0.632197,0.624858,0.000000,-0.815378,0.578800,0.012210,0.000000,15.749216,-0.000002,0.000002,1.000000;;
      }

      Frame Hands_LArmPalm {
       

       FrameTransformMatrix {
        0.924204,-0.092104,-0.370628,0.000000,0.098677,-0.879936,0.464733,0.000000,-0.368932,-0.466080,-0.804151,0.000000,13.645374,0.000000,-0.000000,1.000000;;
       }

       Frame Hands_LArmThumb1 {
        

        FrameTransformMatrix {
         0.763475,0.612269,-0.205505,0.000000,-0.078472,-0.227899,-0.970518,0.000000,-0.641052,0.757093,-0.125949,0.000000,1.025020,0.149495,-1.053121,1.000000;;
        }

        Frame Hands_LArmThumb2 {
         

         FrameTransformMatrix {
          0.901961,0.040961,-0.429871,0.000000,-0.029358,0.999005,0.033591,0.000000,0.430820,-0.017678,0.902265,0.000000,2.997645,-0.000000,-0.000000,1.000000;;
         }

         Frame Hands_LArmThumb3 {
          

          FrameTransformMatrix {
           0.995105,-0.008487,0.098456,0.000000,0.008223,0.999961,0.003089,0.000000,-0.098479,-0.002264,0.995137,0.000000,1.568377,-0.000001,0.000001,1.000000;;
          }
         }
        }
       }

       Frame Hands_LArmFinger11 {
        

        FrameTransformMatrix {
         0.772420,-0.283212,-0.568470,0.000000,0.029262,0.909990,-0.413597,0.000000,0.634437,0.302836,0.711182,0.000000,4.651287,1.298333,-0.184425,1.000000;;
        }

        Frame Hands_LArmFinger12 {
         

         FrameTransformMatrix {
          0.461998,0.082261,-0.883058,0.000000,0.024147,0.994153,0.105244,0.000000,0.886553,-0.069946,0.457310,0.000000,1.967898,0.000000,-0.000000,1.000000;;
         }

         Frame Hands_LArmFinger13 {
          

          FrameTransformMatrix {
           0.708811,-0.016538,-0.705205,0.000000,0.021865,0.999760,-0.001469,0.000000,0.705060,-0.014379,0.709002,0.000000,1.282021,-0.000001,0.000000,1.000000;;
          }
         }
        }
       }

       Frame Hands_LArmFinger21 {
        

        FrameTransformMatrix {
         0.615147,-0.269932,-0.740764,0.000000,0.102470,0.958967,-0.264352,0.000000,0.781726,0.086709,0.617565,0.000000,4.644095,0.310963,0.107953,1.000000;;
        }

        Frame Hands_LArmFinger22 {
         

         FrameTransformMatrix {
          0.012226,-0.013069,-0.999840,0.000000,0.041156,0.999074,-0.012556,0.000000,0.999078,-0.040996,0.012752,0.000000,2.267685,-0.000001,0.000000,1.000000;;
         }

         Frame Hands_LArmFinger23 {
          

          FrameTransformMatrix {
           0.937753,0.042024,-0.344751,0.000000,-0.048760,0.998751,-0.010888,0.000000,0.343863,0.027020,0.938631,0.000000,1.357073,0.000000,0.000001,1.000000;;
          }
         }
        }
       }

       Frame Hands_LArmFinger31 {
        

        FrameTransformMatrix {
         0.991076,-0.133181,-0.005663,0.000000,0.133258,0.990947,0.016352,0.000000,0.003434,-0.016961,0.999851,0.000000,0.370755,-0.194488,0.112026,1.000000;;
        }

        Frame Hands_LArmFinger32 {
         

         FrameTransformMatrix {
          0.225545,-0.272939,-0.935218,0.000000,0.072237,0.961997,-0.263333,0.000000,0.971551,-0.008164,0.236690,0.000000,4.166520,0.000001,0.000000,1.000000;;
         }

         Frame Hands_LArmFinger33 {
          

          FrameTransformMatrix {
           0.340898,0.024766,-0.939774,0.000000,-0.068006,0.997683,0.001623,0.000000,0.937637,0.063357,0.341792,0.000000,2.171416,0.000000,0.000000,1.000000;;
          }

          Frame Hands_LArmFinger34 {
           

           FrameTransformMatrix {
            0.861976,0.008760,-0.506874,0.000000,-0.008714,0.999959,0.002463,0.000000,0.506874,0.002293,0.862017,0.000000,1.301953,-0.000001,0.000002,1.000000;;
           }
          }
         }
        }
       }

       Frame Hands_LArmFinger41 {
        

        FrameTransformMatrix {
         0.949071,-0.301639,-0.090982,0.000000,0.307962,0.949121,0.065791,0.000000,0.066508,-0.090459,0.993677,0.000000,0.379579,-0.407063,0.157656,1.000000;;
        }

        Frame Hands_LArmFinger42 {
         

         FrameTransformMatrix {
          -0.173506,-0.339176,-0.924584,0.000000,-0.107114,0.939753,-0.324640,0.000000,0.978990,0.042709,-0.199383,0.000000,3.826998,0.000000,-0.000000,1.000000;;
         }

         Frame Hands_LArmFinger43 {
          

          FrameTransformMatrix {
           0.871069,0.142804,-0.469942,0.000000,-0.157151,0.987535,0.008798,0.000000,0.465341,0.066188,0.882653,0.000000,1.617777,0.000002,-0.000001,1.000000;;
          }

          Frame Hands_LArmFinger44 {
           

           FrameTransformMatrix {
            0.535076,-0.010039,-0.844745,0.000000,0.029294,0.999549,0.006677,0.000000,0.844296,-0.028318,0.535128,0.000000,1.026681,0.000001,0.000001,1.000000;;
           }
          }
         }
        }
       }

       Frame Hands_LPalm_morph {
        

        FrameTransformMatrix {
         1.000000,0.000000,0.000000,0.000000,0.000000,1.000000,0.000000,0.000000,-0.000000,-0.000000,1.000000,0.000000,-0.000003,0.000000,2.736035,1.000000;;
        }
       }
      }

      Frame Hands_Lwrist {
       

       FrameTransformMatrix {
        1.000000,-0.000000,-0.000000,0.000000,0.000000,-0.634824,0.772657,0.000000,-0.000000,-0.772657,-0.634824,0.000000,12.667586,-0.000000,-0.000002,1.000000;;
       }
      }

      Frame Hands_LSleeve {
       

       FrameTransformMatrix {
        1.000000,-0.000000,-0.000000,0.000000,0.000000,1.000000,0.000000,0.000000,-0.000000,-0.000000,1.000000,0.000000,11.831044,-0.149415,-0.415589,1.000000;;
       }
      }
     }
    }
   }

   Frame Hands_RArmCollarbone {
    

    FrameTransformMatrix {
     0.159766,-0.959312,-0.232801,0.000000,0.972180,0.193826,-0.131522,0.000000,0.171293,-0.205312,0.963590,0.000000,0.550024,-0.782968,6.584868,1.000000;;
    }

    Frame Hands_RArm1 {
     

     FrameTransformMatrix {
      0.356743,-0.709439,-0.607808,0.000000,0.721419,-0.204159,0.661721,0.000000,-0.593540,-0.674549,0.438970,0.000000,7.387085,0.000000,0.000002,1.000000;;
     }

     Frame Hands_RArm2 {
      

      FrameTransformMatrix {
       -0.369184,0.575511,0.729720,0.000000,-0.532675,0.512378,-0.673592,0.000000,-0.761552,-0.637383,0.117399,0.000000,15.749222,0.000003,-0.000003,1.000000;;
      }

      Frame Hands_RArmPalm {
       

       FrameTransformMatrix {
        0.372767,0.470493,0.799800,0.000000,0.924779,-0.259279,-0.278492,0.000000,0.076343,0.843451,-0.531753,0.000000,13.645374,0.000000,-0.000002,1.000000;;
       }

       Frame Hands_RArmThumb1 {
        

        FrameTransformMatrix {
         0.454877,-0.890135,-0.027336,0.000000,-0.085257,-0.074081,0.993601,0.000000,-0.886464,-0.449635,-0.109588,0.000000,1.025019,-0.149492,-1.053119,1.000000;;
        }

        Frame Hands_RArmThumb2 {
         

         FrameTransformMatrix {
          0.935627,-0.092632,-0.340619,0.000000,0.109338,0.993548,0.030140,0.000000,0.335629,-0.065443,0.939719,0.000000,2.997646,0.000001,0.000001,1.000000;;
         }

         Frame Hands_RArmThumb3 {
          

          FrameTransformMatrix {
           0.915276,0.007026,-0.402765,0.000000,-0.009077,0.999954,-0.003184,0.000000,0.402724,0.006570,0.915298,0.000000,1.568376,0.000000,0.000000,1.000000;;
          }
         }
        }
       }

       Frame Hands_RArmFinger11 {
        

        FrameTransformMatrix {
         0.976660,0.102373,0.188824,0.000000,-0.132499,0.979065,0.154520,0.000000,-0.169052,-0.175933,0.969778,0.000000,4.651292,-1.298333,-0.184424,1.000000;;
        }

        Frame Hands_RArmFinger12 {
         

         FrameTransformMatrix {
          0.993524,0.037205,-0.107355,0.000000,-0.043484,0.997441,-0.056746,0.000000,0.104969,0.061047,0.992600,0.000000,1.967897,0.000000,0.000000,1.000000;;
         }

         Frame Hands_RArmFinger13 {
          

          FrameTransformMatrix {
           0.962794,0.014531,-0.269846,0.000000,-0.014811,0.999890,0.000995,0.000000,0.269831,0.003039,0.962903,0.000000,1.282021,0.000000,0.000003,1.000000;;
          }
         }
        }
       }

       Frame Hands_RArmFinger21 {
        

        FrameTransformMatrix {
         0.971262,0.209824,0.112360,0.000000,-0.204406,0.977174,-0.057875,0.000000,-0.121938,0.033244,0.991981,0.000000,4.644096,-0.310960,0.107955,1.000000;;
        }

        Frame Hands_RArmFinger22 {
         

         FrameTransformMatrix {
          -0.164858,0.005604,-0.986301,0.000000,-0.041156,0.999074,0.012556,0.000000,0.985458,0.042662,-0.164475,0.000000,2.267684,0.000000,-0.000001,1.000000;;
         }

         Frame Hands_RArmFinger23 {
          

          FrameTransformMatrix {
           0.831004,-0.034518,-0.555195,0.000000,0.048761,0.998751,0.010888,0.000000,0.554126,-0.036120,0.831649,0.000000,1.357074,-0.000000,0.000000,1.000000;;
          }
         }
        }
       }

       Frame Hands_RArmFinger31 {
        

        FrameTransformMatrix {
         0.991076,0.133181,-0.005663,0.000000,-0.133257,0.990947,-0.016352,0.000000,0.003434,0.016961,0.999850,0.000000,0.370754,0.194488,0.112023,1.000000;;
        }

        Frame Hands_RArmFinger32 {
         

         FrameTransformMatrix {
          0.614607,0.109584,-0.781185,0.000000,-0.331098,0.934685,-0.129379,0.000000,0.715984,0.338166,0.610746,0.000000,4.166523,0.000002,-0.000001,1.000000;;
         }

         Frame Hands_RArmFinger33 {
          

          FrameTransformMatrix {
           -0.233430,0.014330,-0.972268,0.000000,0.068006,0.997684,-0.001623,0.000000,0.969993,-0.066499,-0.233863,0.000000,2.171414,-0.000001,0.000000,1.000000;;
          }

          Frame Hands_RArmFinger34 {
           

           FrameTransformMatrix {
            0.969586,-0.007103,-0.244646,0.000000,0.005513,0.999959,-0.007183,0.000000,0.244687,0.005615,0.969586,0.000000,1.301954,0.000000,0.000001,1.000000;;
           }
          }
         }
        }
       }

       Frame Hands_RArmFinger41 {
        

        FrameTransformMatrix {
         0.949071,0.301639,-0.090982,0.000000,-0.307961,0.949122,-0.065791,0.000000,0.066508,0.090459,0.993677,0.000000,0.379578,0.407062,0.157654,1.000000;;
        }

        Frame Hands_RArmFinger42 {
         

         FrameTransformMatrix {
          0.381969,-0.098437,-0.918918,0.000000,-0.203967,0.960814,-0.187708,0.000000,0.901386,0.259127,0.346923,0.000000,3.826998,0.000000,-0.000001,1.000000;;
         }

         Frame Hands_RArmFinger43 {
          

          FrameTransformMatrix {
           -0.080210,0.003883,-0.996770,0.000000,0.157151,0.987535,-0.008799,0.000000,0.984312,-0.157349,-0.079821,0.000000,1.617777,-0.000001,-0.000000,1.000000;;
          }

          Frame Hands_RArmFinger44 {
           

           FrameTransformMatrix {
            0.969851,0.073740,-0.232277,0.000000,-0.080167,0.996613,-0.018338,0.000000,0.230138,0.036406,0.972477,0.000000,1.026680,0.000000,0.000000,1.000000;;
           }
          }
         }
        }
       }

       Frame Hands_RPalm_morph {
        

        FrameTransformMatrix {
         1.000000,0.000000,0.000000,0.000000,-0.000000,1.000000,0.000000,0.000000,-0.000000,-0.000000,1.000000,0.000000,0.000000,-0.000000,2.736036,1.000000;;
        }
       }
      }

      Frame Hands_R_wrist {
       

       FrameTransformMatrix {
        1.000000,0.000000,0.000000,0.000000,-0.000000,0.866026,-0.500000,0.000000,0.000000,0.500000,0.866025,0.000000,12.667590,0.000000,-0.000002,1.000000;;
       }
      }

      Frame Hands_R_Sleeve {
       

       FrameTransformMatrix {
        1.000000,0.000000,0.000000,0.000000,0.000000,1.000000,0.000000,0.000000,0.000000,-0.000000,1.000000,0.000000,11.831043,-0.000000,-0.000002,1.000000;;
       }
      }
     }
    }
   }
  }

  Frame RepeatingRifle {
   

   FrameTransformMatrix {
    0.104528,0.994522,0.000000,0.000000,-0.994522,0.104528,0.000000,0.000000,0.000000,0.000000,1.000000,0.000000,-4.752314,-12.933459,-8.395019,1.000000;;
   }

   Frame Lever_door {
    

    FrameTransformMatrix {
     1.000000,0.000000,0.000000,0.000000,0.000000,1.000000,0.000000,0.000000,0.000000,0.000000,1.000000,0.000000,9.712166,0.744418,-0.168459,1.000000;;
    }
   }

   Frame Hammer {
    

    FrameTransformMatrix {
     1.000000,0.000000,0.000000,0.000000,0.000000,1.000000,0.000000,0.000000,0.000000,0.000000,1.000000,0.000000,3.352160,1.334848,-0.168459,1.000000;;
    }
   }

   Frame Injector {
    

    FrameTransformMatrix {
     1.000000,0.000000,0.000000,0.000000,0.000000,1.000000,0.000000,0.000000,0.000000,0.000000,1.000000,0.000000,6.492988,1.637373,-0.815003,1.000000;;
    }
   }

   Frame Bullet {
    

    FrameTransformMatrix {
     1.000000,0.000000,0.000000,0.000000,0.000000,1.000000,0.000000,0.000000,0.000000,0.000000,1.000000,0.000000,9.672180,1.613115,-0.358910,1.000000;;
    }
   }

   Frame Lever {
    

    FrameTransformMatrix {
     1.000000,0.000000,0.000000,0.000000,0.000000,1.000000,0.000000,0.000000,0.000000,-0.000000,1.000000,0.000000,5.264279,0.263323,-0.168458,1.000000;;
    }

    Frame Lever_Arm {
     

     FrameTransformMatrix {
      1.000000,0.000000,0.000000,0.000000,0.000000,1.000000,0.000000,0.000000,-0.000000,-0.000000,1.000000,0.000000,-0.489592,1.146393,-0.000001,1.000000;;
     }
    }
   }

   Frame Trigger {
    

    FrameTransformMatrix {
     1.000000,0.000000,0.000000,0.000000,0.000000,1.000000,0.000000,0.000000,0.000000,0.000000,1.000000,0.000000,2.967118,-0.023499,-0.168458,1.000000;;
    }
   }

   Frame Bolt {
    

    FrameTransformMatrix {
     1.000000,0.000000,0.000000,0.000000,0.000000,1.000000,0.000000,0.000000,0.000000,0.000000,1.000000,0.000000,6.579556,2.899964,-0.168458,1.000000;;
    }
   }

   Frame Locks {
    

    FrameTransformMatrix {
     1.000000,0.000000,0.000000,0.000000,0.000000,1.000000,0.000000,0.000000,0.000000,0.000000,1.000000,0.000000,3.789868,2.938503,-0.168459,1.000000;;
    }
   }

   Frame tip {
    

    FrameTransformMatrix {
     0.999981,-0.006109,0.000000,0.000000,0.006109,0.999981,0.000000,0.000000,0.000000,0.000000,1.000000,0.000000,39.361629,2.811886,-0.169000,1.000000;;
    }
   }

   Frame Bullet_Casing {
    

    FrameTransformMatrix {
     1.000000,0.000000,0.000000,0.000000,0.000000,1.000000,0.000000,0.000000,0.000000,-0.000000,1.000000,0.000000,9.672180,1.613115,-0.358910,1.000000;;
    }
   }
  }
 }

 Frame Winchester_Trip {
  

  FrameTransformMatrix {
   1.000000,0.000000,0.000000,0.000000,0.000000,1.000000,0.000000,0.000000,0.000000,0.000000,1.000000,0.000000,0.000000,0.000000,0.000000,1.000000;;
  }

  Mesh Winchester_Trip {
   8846;
   41.184605;-0.047375;0.045696;,
   41.188077;-0.076989;0.060908;,
   41.203827;-0.066329;0.045696;,
   41.201530;-0.109000;0.060908;,
   41.188077;-0.076989;0.060908;,
   41.220131;-0.105186;0.045696;,
   41.201485;-0.160443;0.060908;,
   41.201530;-0.109000;0.060908;,
   41.220467;-0.160327;0.045696;,
   41.201718;-0.198473;0.131176;,
   41.220701;-0.198358;0.109117;,
   41.261536;-0.268464;0.129856;,
   41.220701;-0.198358;0.109117;,
   41.208230;-0.268790;0.183100;,
   41.208694;-0.345192;0.183100;,
   41.262000;-0.344866;0.129856;,
   41.188077;-0.076989;0.060908;,
   41.174112;-0.063248;0.060908;,
   41.145565;-0.031476;0.045696;,
   41.142029;-0.050142;0.060908;,
   40.644058;0.003492;0.045695;,
   41.142029;-0.050142;0.060908;,
   40.647946;-0.015129;0.060908;,
   40.605213;-0.012883;0.045695;,
   40.615901;-0.028626;0.060908;,
   40.586349;-0.032069;0.045695;,
   40.602234;-0.042536;0.060908;,
   40.570397;-0.071123;0.045695;,
   40.589040;-0.074709;0.060908;,
   40.570966;-0.164294;0.045695;,
   40.589952;-0.164179;0.060908;,
   41.145565;-0.031476;-0.044595;,
   41.184605;-0.047375;-0.044595;,
   41.142029;-0.050142;-0.059808;,
   41.174112;-0.063248;-0.059808;,
   41.203827;-0.066329;-0.044595;,
   41.188077;-0.076989;-0.059808;,
   41.220131;-0.105186;-0.044595;,
   41.188077;-0.076989;-0.059808;,
   41.201530;-0.109000;-0.059808;,
   41.220467;-0.160327;-0.044595;,
   41.201485;-0.160443;-0.059808;,
   41.220701;-0.198358;-0.108017;,
   41.201718;-0.198473;-0.130075;,
   41.261536;-0.268464;-0.128756;,
   41.208230;-0.268790;-0.182000;,
   41.262000;-0.344866;-0.128756;,
   41.208694;-0.345192;-0.182000;,
   40.647946;-0.015129;-0.059808;,
   40.644058;0.003492;-0.044596;,
   40.605213;-0.012883;-0.044596;,
   40.605213;-0.012883;0.045695;,
   40.586349;-0.032069;0.045695;,
   40.586349;-0.032069;-0.044596;,
   40.570397;-0.071123;-0.044596;,
   40.570397;-0.071123;0.045695;,
   40.570966;-0.164294;-0.044596;,
   40.570966;-0.164294;0.045695;,
   40.615901;-0.028626;-0.059808;,
   40.605213;-0.012883;-0.044596;,
   40.602234;-0.042536;-0.059808;,
   40.586349;-0.032069;-0.044596;,
   40.589040;-0.074709;-0.059808;,
   40.570397;-0.071123;-0.044596;,
   40.589952;-0.164179;-0.059808;,
   40.570966;-0.164294;-0.044596;,
   41.203827;-0.066329;-0.044595;,
   41.203827;-0.066329;0.045696;,
   41.220131;-0.105186;0.045696;,
   41.203827;-0.066329;-0.044595;,
   41.220131;-0.105186;-0.044595;,
   41.220467;-0.160327;0.045696;,
   41.220467;-0.160327;-0.044595;,
   41.220701;-0.198358;0.109117;,
   41.220701;-0.198358;-0.108017;,
   41.261536;-0.268464;0.129856;,
   41.261536;-0.268464;-0.128756;,
   41.262000;-0.344866;-0.128756;,
   41.262000;-0.344866;0.129856;,
   41.174112;-0.063248;0.060908;,
   40.647946;-0.015129;0.060908;,
   40.615901;-0.028626;0.060908;,
   41.142029;-0.050142;0.060908;,
   41.188077;-0.076989;0.060908;,
   40.602234;-0.042536;0.060908;,
   40.589040;-0.074709;0.060908;,
   41.201530;-0.109000;0.060908;,
   40.589952;-0.164179;0.060908;,
   41.201485;-0.160443;0.060908;,
   40.590182;-0.202209;0.131175;,
   41.201718;-0.198473;0.131176;,
   40.584531;-0.272600;0.183100;,
   41.208230;-0.268790;0.183100;,
   40.584995;-0.349002;0.183100;,
   41.208694;-0.345192;0.183100;,
   41.201530;-0.109000;-0.059808;,
   40.589952;-0.164179;-0.059808;,
   40.589040;-0.074709;-0.059808;,
   41.188077;-0.076989;-0.059808;,
   40.602234;-0.042536;-0.059808;,
   41.174112;-0.063248;-0.059808;,
   40.615901;-0.028626;-0.059808;,
   41.142029;-0.050142;-0.059808;,
   40.647946;-0.015129;-0.059808;,
   41.201485;-0.160443;-0.059808;,
   41.201718;-0.198473;-0.130075;,
   40.590182;-0.202209;-0.130075;,
   41.208230;-0.268790;-0.182000;,
   40.584531;-0.272600;-0.182000;,
   40.584995;-0.349002;-0.182000;,
   41.208694;-0.345192;-0.182000;,
   2.769672;-0.118523;0.134420;,
   2.483718;-0.090245;0.156559;,
   2.483901;-0.120268;0.134420;,
   2.769489;-0.088500;0.156559;,
   2.483511;-0.056352;0.171877;,
   2.769282;-0.054607;0.171877;,
   2.483289;-0.020062;0.179707;,
   2.769060;-0.018317;0.179707;,
   2.483063;0.017031;0.179707;,
   2.768833;0.018777;0.179707;,
   2.482841;0.053321;0.171877;,
   2.768612;0.055067;0.171877;,
   2.482634;0.087214;0.156559;,
   2.768405;0.088960;0.156559;,
   2.482450;0.117237;0.134420;,
   2.768221;0.118983;0.134420;,
   2.482299;0.142063;0.106431;,
   2.768070;0.143809;0.106431;,
   2.482185;0.160610;0.073814;,
   2.767956;0.162356;0.073814;,
   2.482116;0.172074;0.037995;,
   2.767886;0.173820;0.037995;,
   2.482092;0.175944;0.000538;,
   2.767863;0.177690;0.000538;,
   2.482116;0.172074;-0.036919;,
   2.767886;0.173820;-0.036919;,
   2.482185;0.160610;-0.072738;,
   2.767956;0.162356;-0.072738;,
   2.482299;0.142063;-0.105355;,
   2.767956;0.162356;-0.072738;,
   2.768070;0.143809;-0.105355;,
   2.482450;0.117237;-0.133344;,
   2.768221;0.118983;-0.133344;,
   2.482634;0.087214;-0.155483;,
   2.768405;0.088960;-0.155483;,
   2.482841;0.053321;-0.170801;,
   2.768612;0.055067;-0.170801;,
   2.483063;0.017031;-0.178631;,
   2.768833;0.018777;-0.178631;,
   2.483289;-0.020062;-0.178631;,
   2.769060;-0.018317;-0.178631;,
   2.483511;-0.056352;-0.170801;,
   2.769282;-0.054607;-0.170801;,
   2.483718;-0.090245;-0.155483;,
   2.769489;-0.088500;-0.155483;,
   2.483901;-0.120268;-0.133344;,
   2.769672;-0.118523;-0.133344;,
   2.484053;-0.145082;-0.105355;,
   2.769824;-0.143337;-0.105355;,
   2.484166;-0.163641;-0.072738;,
   2.769937;-0.161896;-0.072738;,
   2.484236;-0.175105;-0.036919;,
   2.770007;-0.173359;-0.036919;,
   2.484260;-0.178988;0.000538;,
   2.770031;-0.177242;0.000538;,
   2.769824;-0.143337;0.106431;,
   2.484053;-0.145082;0.106431;,
   2.769937;-0.161896;0.073814;,
   2.484166;-0.163641;0.073814;,
   2.770007;-0.173359;0.037995;,
   2.484236;-0.175105;0.037995;,
   2.770031;-0.177242;0.000538;,
   2.484260;-0.178988;0.000538;,
   2.769824;-0.143337;0.106431;,
   2.769460;-0.083778;0.095253;,
   2.769672;-0.118523;0.134420;,
   2.769567;-0.101339;0.075452;,
   2.769937;-0.161896;0.073814;,
   2.769647;-0.114458;0.052377;,
   2.770007;-0.173359;0.037995;,
   2.769697;-0.122575;0.027037;,
   2.770031;-0.177242;0.000538;,
   2.769714;-0.125313;0.000538;,
   2.770007;-0.173359;-0.036919;,
   2.769697;-0.122575;-0.025961;,
   2.769937;-0.161896;-0.072738;,
   2.769647;-0.114458;-0.051301;,
   2.769824;-0.143337;-0.105355;,
   2.769567;-0.101339;-0.074376;,
   2.769672;-0.118523;-0.133344;,
   2.769460;-0.083778;-0.094177;,
   2.769489;-0.088500;-0.155483;,
   2.769330;-0.062542;-0.109838;,
   2.769282;-0.054607;-0.170801;,
   2.769184;-0.038567;-0.120675;,
   2.769060;-0.018317;-0.178631;,
   2.769027;-0.012889;-0.126215;,
   2.768833;0.018777;-0.178631;,
   2.768867;0.013361;-0.126215;,
   2.768612;0.055067;-0.170801;,
   2.768710;0.039028;-0.120675;,
   2.768405;0.088960;-0.155483;,
   2.768563;0.063002;-0.109838;,
   2.768221;0.118983;-0.133344;,
   2.768434;0.084238;-0.094177;,
   2.768070;0.143809;-0.105355;,
   2.768326;0.101799;-0.074376;,
   2.767956;0.162356;-0.072738;,
   2.768246;0.114918;-0.051301;,
   2.767886;0.173820;-0.036919;,
   2.768197;0.123035;-0.025960;,
   2.767863;0.177690;0.000538;,
   2.768180;0.125774;0.000538;,
   2.767886;0.173820;0.037995;,
   2.768197;0.123035;0.027037;,
   2.767956;0.162356;0.073814;,
   2.768246;0.114918;0.052377;,
   2.768070;0.143809;0.106431;,
   2.768326;0.101799;0.075452;,
   2.768221;0.118983;0.134420;,
   2.768434;0.084238;0.095253;,
   2.768405;0.088960;0.156559;,
   2.768563;0.063002;0.110914;,
   2.768612;0.055067;0.171877;,
   2.768710;0.039028;0.121752;,
   2.768833;0.018777;0.179707;,
   2.768867;0.013361;0.127291;,
   2.769060;-0.018317;0.179707;,
   2.769027;-0.012889;0.127291;,
   2.769282;-0.054607;0.171877;,
   2.769184;-0.038567;0.121752;,
   2.769489;-0.088500;0.156559;,
   2.769330;-0.062542;0.110914;,
   2.484053;-0.145082;-0.105355;,
   2.483689;-0.085523;-0.094177;,
   2.483901;-0.120268;-0.133344;,
   2.483796;-0.103084;-0.074376;,
   2.484166;-0.163641;-0.072738;,
   2.483876;-0.116203;-0.051301;,
   2.484236;-0.175105;-0.036919;,
   2.483926;-0.124321;-0.025961;,
   2.484260;-0.178988;0.000538;,
   2.483943;-0.127059;0.000538;,
   2.484236;-0.175105;0.037995;,
   2.483926;-0.124321;0.027037;,
   2.484166;-0.163641;0.073814;,
   2.483876;-0.116203;0.052377;,
   2.484053;-0.145082;0.106431;,
   2.483796;-0.103084;0.075452;,
   2.483901;-0.120268;0.134420;,
   2.483689;-0.085523;0.095253;,
   2.483718;-0.090245;0.156559;,
   2.483559;-0.064287;0.110914;,
   2.483511;-0.056352;0.171877;,
   2.483413;-0.040313;0.121751;,
   2.483289;-0.020062;0.179707;,
   2.483256;-0.014635;0.127291;,
   2.483063;0.017031;0.179707;,
   2.483096;0.011615;0.127291;,
   2.482841;0.053321;0.171877;,
   2.482939;0.037282;0.121751;,
   2.482634;0.087214;0.156559;,
   2.482792;0.061256;0.110914;,
   2.482450;0.117237;0.134420;,
   2.482663;0.082492;0.095253;,
   2.482299;0.142063;0.106431;,
   2.482555;0.100053;0.075452;,
   2.482185;0.160610;0.073814;,
   2.482475;0.113173;0.052377;,
   2.482116;0.172074;0.037995;,
   2.482475;0.113173;0.052377;,
   2.482426;0.121289;0.027036;,
   2.482092;0.175944;0.000538;,
   2.482409;0.124028;0.000538;,
   2.482116;0.172074;-0.036919;,
   2.482426;0.121289;-0.025960;,
   2.482185;0.160610;-0.072738;,
   2.482475;0.113173;-0.051301;,
   2.482299;0.142063;-0.105355;,
   2.482555;0.100053;-0.074376;,
   2.482450;0.117237;-0.133344;,
   2.482663;0.082492;-0.094177;,
   2.482634;0.087214;-0.155483;,
   2.482792;0.061256;-0.109838;,
   2.482841;0.053321;-0.170801;,
   2.482939;0.037282;-0.120676;,
   2.483063;0.017031;-0.178631;,
   2.483096;0.011615;-0.126215;,
   2.483289;-0.020062;-0.178631;,
   2.483256;-0.014635;-0.126215;,
   2.483511;-0.056352;-0.170801;,
   2.483413;-0.040313;-0.120676;,
   2.483718;-0.090245;-0.155483;,
   2.483559;-0.064287;-0.109838;,
   2.768434;0.084238;0.095253;,
   2.482792;0.061256;0.110914;,
   2.482663;0.082492;0.095253;,
   2.768563;0.063002;0.110914;,
   2.482939;0.037282;0.121751;,
   2.768710;0.039028;0.121752;,
   2.483096;0.011615;0.127291;,
   2.768867;0.013361;0.127291;,
   2.483256;-0.014635;0.127291;,
   2.769027;-0.012889;0.127291;,
   2.483413;-0.040313;0.121751;,
   2.769184;-0.038567;0.121752;,
   2.483559;-0.064287;0.110914;,
   2.769330;-0.062542;0.110914;,
   2.483689;-0.085523;0.095253;,
   2.769460;-0.083778;0.095253;,
   2.483796;-0.103084;0.075452;,
   2.769567;-0.101339;0.075452;,
   2.483876;-0.116203;0.052377;,
   2.769647;-0.114458;0.052377;,
   2.483926;-0.124321;0.027037;,
   2.769697;-0.122575;0.027037;,
   2.483943;-0.127059;0.000538;,
   2.769714;-0.125313;0.000538;,
   2.483926;-0.124321;-0.025961;,
   2.769697;-0.122575;-0.025961;,
   2.483876;-0.116203;-0.051301;,
   2.769647;-0.114458;-0.051301;,
   2.483796;-0.103084;-0.074376;,
   2.769567;-0.101339;-0.074376;,
   2.483689;-0.085523;-0.094177;,
   2.769460;-0.083778;-0.094177;,
   2.483559;-0.064287;-0.109838;,
   2.769330;-0.062542;-0.109838;,
   2.483413;-0.040313;-0.120676;,
   2.769184;-0.038567;-0.120675;,
   2.483256;-0.014635;-0.126215;,
   2.769027;-0.012889;-0.126215;,
   2.483096;0.011615;-0.126215;,
   2.768867;0.013361;-0.126215;,
   2.482939;0.037282;-0.120676;,
   2.768710;0.039028;-0.120675;,
   2.482792;0.061256;-0.109838;,
   2.768563;0.063002;-0.109838;,
   2.482663;0.082492;-0.094177;,
   2.768434;0.084238;-0.094177;,
   2.482555;0.100053;-0.074376;,
   2.768326;0.101799;-0.074376;,
   2.482475;0.113173;-0.051301;,
   2.768246;0.114918;-0.051301;,
   2.482426;0.121289;-0.025960;,
   2.768197;0.123035;-0.025960;,
   2.482409;0.124028;0.000538;,
   2.768180;0.125774;0.000538;,
   2.768326;0.101799;0.075452;,
   2.482555;0.100053;0.075452;,
   2.768246;0.114918;0.052377;,
   2.482475;0.113173;0.052377;,
   2.768197;0.123035;0.027037;,
   2.482426;0.121289;0.027036;,
   2.768180;0.125774;0.000538;,
   2.482409;0.124028;0.000538;,
   2.697824;-0.641380;-0.063076;,
   2.718896;-0.275658;-0.022692;,
   2.721129;-0.641238;-0.022692;,
   2.695590;-0.275801;-0.063076;,
   2.657433;-0.641627;-0.086391;,
   2.655200;-0.276047;-0.086391;,
   2.610810;-0.641912;-0.086392;,
   2.608577;-0.276332;-0.086392;,
   2.570431;-0.642158;-0.063076;,
   2.568197;-0.276579;-0.063076;,
   2.547114;-0.642301;-0.022692;,
   2.544880;-0.276721;-0.022692;,
   2.547114;-0.642301;0.023938;,
   2.544880;-0.276721;0.023938;,
   2.570431;-0.642158;0.064321;,
   2.568197;-0.276579;0.064321;,
   2.610810;-0.641912;0.087637;,
   2.608577;-0.276332;0.087637;,
   2.657433;-0.641627;0.087636;,
   2.655200;-0.276047;0.087636;,
   2.697824;-0.641380;0.064321;,
   2.695590;-0.275801;0.064321;,
   2.721129;-0.641238;0.023938;,
   2.718896;-0.275658;0.023938;,
   2.721129;-0.641238;-0.022692;,
   2.718896;-0.275658;-0.022692;,
   14.430834;-0.372999;-0.466490;,
   14.430016;-0.276604;0.000542;,
   14.430387;-0.321230;0.396415;,
   14.430098;-0.273999;0.311178;,
   14.429730;-0.250793;0.170155;,
   14.429773;-0.236736;0.000542;,
   14.429730;-0.250793;-0.169072;,
   14.430098;-0.273999;-0.310095;,
   14.430387;-0.321230;-0.395331;,
   14.430832;-0.372999;0.467574;,
   14.431270;-0.425536;0.514701;,
   14.431272;-0.425536;-0.513617;,
   14.431600;-0.483318;0.562597;,
   14.431600;-0.483318;-0.561512;,
   14.432723;-0.585894;0.629073;,
   14.432723;-0.585894;-0.627990;,
   14.432990;-0.763906;0.709972;,
   14.432994;-0.763906;-0.708887;,
   14.433878;-0.908957;-0.749106;,
   14.433878;-0.908957;0.750189;,
   14.595323;-1.140471;-0.783235;,
   14.595323;-1.140471;0.784319;,
   14.619360;-1.388414;-0.805543;,
   14.619360;-1.388414;0.806627;,
   14.621626;-1.759300;0.808170;,
   14.621626;-1.759300;-0.807086;,
   14.622299;-1.869607;0.803040;,
   14.622299;-1.869607;-0.801956;,
   14.625038;-2.318136;0.752903;,
   14.625038;-2.318136;-0.751820;,
   14.621210;-2.625202;-0.690284;,
   14.621210;-2.625202;0.691368;,
   14.622990;-2.916583;0.616396;,
   14.622990;-2.916583;-0.615312;,
   14.624421;-3.150486;0.491133;,
   14.624426;-3.151411;0.000542;,
   14.624421;-3.150486;-0.490049;,
   14.624739;-3.202901;-0.406183;,
   14.624931;-3.234165;-0.193512;,
   14.624931;-3.234165;0.194596;,
   14.624739;-3.202901;0.407267;,
   40.590182;-0.202209;-0.130075;,
   40.570966;-0.164294;-0.044596;,
   40.589952;-0.164179;-0.059808;,
   40.571197;-0.202325;-0.108017;,
   40.553126;-0.272792;-0.157547;,
   40.584531;-0.272600;-0.182000;,
   40.584995;-0.349002;-0.182000;,
   40.553594;-0.349193;-0.157547;,
   13.087648;-0.242501;-0.173346;,
   13.416792;-0.226056;0.000542;,
   13.417986;-0.240483;-0.173346;,
   13.095962;-0.228016;0.000542;,
   13.087648;-0.242501;0.174430;,
   13.417986;-0.240483;0.174430;,
   13.585390;-0.225026;0.000542;,
   13.585107;-0.239462;-0.173346;,
   13.851019;-0.223404;0.000542;,
   13.851107;-0.237837;-0.173346;,
   13.851366;-0.280139;-0.333101;,
   13.585842;-0.281761;-0.333101;,
   13.418720;-0.282782;-0.333101;,
   13.418995;-0.327908;-0.418300;,
   13.033983;-0.330260;-0.418300;,
   13.062712;-0.284957;-0.333102;,
   13.586118;-0.326887;-0.418300;,
   13.851640;-0.325265;-0.418300;,
   13.851962;-0.377607;-0.489601;,
   13.586573;-0.379228;-0.489601;,
   13.419180;-0.380250;-0.489602;,
   12.998530;-0.382820;-0.489602;,
   12.950993;-0.434785;-0.536836;,
   13.419373;-0.431924;-0.536836;,
   13.587010;-0.430900;-0.536836;,
   13.852275;-0.429280;-0.536836;,
   13.852630;-0.487232;-0.584693;,
   13.587338;-0.488852;-0.584693;,
   13.419279;-0.493116;-0.587449;,
   12.939676;-0.496740;-0.587450;,
   12.885542;-0.478134;-0.538110;,
   12.660900;-0.599091;-0.590843;,
   12.670074;-0.650478;-0.642171;,
   12.940286;-0.598723;-0.653647;,
   13.419890;-0.595099;-0.653647;,
   13.588472;-0.591513;-0.651576;,
   13.853258;-0.589896;-0.651575;,
   13.854334;-0.766065;-0.731706;,
   13.588706;-0.767688;-0.731707;,
   13.474413;-0.735502;-0.713079;,
   13.367782;-0.712385;-0.709276;,
   12.940153;-0.714998;-0.709275;,
   12.667208;-0.790830;-0.709275;,
   6.572805;-0.698264;-0.642172;,
   6.591674;-0.838544;-0.709277;,
   6.490683;-0.852122;-0.709277;,
   6.471826;-0.711843;-0.642172;,
   6.567854;-0.646838;-0.590843;,
   12.651913;-0.578128;-0.539515;,
   7.236849;-0.620541;-0.539515;,
   6.796661;-0.624022;-0.539515;,
   6.563076;-0.625837;-0.539515;,
   6.563076;-0.625837;-0.337961;,
   6.462086;-0.639416;-0.337961;,
   6.462086;-0.639416;-0.539515;,
   6.467037;-0.661049;-0.590646;,
   6.379640;-0.736125;-0.642172;,
   6.355152;-0.692049;-0.590199;,
   6.344699;-0.670339;-0.539515;,
   6.270974;-0.746500;-0.590723;,
   6.303157;-0.785163;-0.642759;,
   6.392994;-0.898151;-0.709949;,
   6.355543;-0.933442;-0.709277;,
   6.239335;-0.848668;-0.641867;,
   6.197189;-0.818743;-0.590051;,
   6.161975;-0.949302;-0.641893;,
   6.119534;-0.918953;-0.589052;,
   6.180363;-0.803646;-0.533681;,
   6.103367;-0.904191;-0.521921;,
   6.180399;-0.803633;-0.337961;,
   6.103295;-0.904326;-0.337961;,
   6.036207;-1.040701;-0.337961;,
   6.036207;-1.040701;-0.504808;,
   6.053458;-1.051817;-0.586757;,
   6.103447;-1.066469;-0.642234;,
   6.005072;-1.145884;-0.581408;,
   5.986811;-1.132852;-0.489488;,
   5.986811;-1.132973;-0.441901;,
   5.986811;-1.132852;-0.337961;,
   5.888472;-1.281735;-0.442573;,
   5.888472;-1.281613;-0.450129;,
   5.907744;-1.296574;-0.576731;,
   6.065111;-1.166292;-0.641960;,
   6.239410;-1.105983;-0.709277;,
   6.277219;-1.033631;-0.709277;,
   13.585107;-0.239462;0.174430;,
   13.851107;-0.237837;0.174430;,
   13.851365;-0.280139;0.334184;,
   13.585842;-0.281761;0.334184;,
   13.418720;-0.282782;0.334184;,
   13.062712;-0.284957;0.334184;,
   13.033983;-0.330260;0.419383;,
   13.418995;-0.327908;0.419383;,
   13.586118;-0.326887;0.419383;,
   13.851640;-0.325265;0.419383;,
   13.851960;-0.377607;0.490684;,
   13.586573;-0.379228;0.490684;,
   13.419180;-0.380250;0.490684;,
   12.998530;-0.382820;0.490684;,
   12.950994;-0.434785;0.537920;,
   13.419373;-0.431924;0.537920;,
   13.587010;-0.430900;0.537920;,
   13.852275;-0.429280;0.537920;,
   13.852630;-0.487232;0.585776;,
   13.587338;-0.488852;0.585776;,
   13.419279;-0.493116;0.588534;,
   12.939676;-0.496740;0.588533;,
   12.885542;-0.478134;0.539193;,
   12.660900;-0.599091;0.591925;,
   12.670074;-0.650478;0.643253;,
   12.940286;-0.598723;0.654730;,
   13.419890;-0.595099;0.654730;,
   13.588472;-0.591513;0.652658;,
   13.853256;-0.589896;0.652659;,
   13.854334;-0.766065;0.732791;,
   13.588706;-0.767688;0.732791;,
   13.474413;-0.735502;0.714162;,
   13.367782;-0.712385;0.710359;,
   12.940153;-0.714998;0.710359;,
   12.667208;-0.790830;0.710359;,
   6.591674;-0.838544;0.710357;,
   6.572805;-0.698264;0.643251;,
   6.490683;-0.852122;0.710357;,
   6.471826;-0.711843;0.643251;,
   6.567854;-0.646838;0.591923;,
   12.651913;-0.578128;0.540597;,
   7.236849;-0.620541;0.540595;,
   7.236849;-0.620541;0.497798;,
   6.796661;-0.624022;0.497798;,
   6.796661;-0.624022;0.540595;,
   6.563076;-0.625837;0.540595;,
   6.563076;-0.625837;0.339040;,
   6.462086;-0.639416;0.339040;,
   6.462086;-0.639416;0.540595;,
   6.344747;-0.670302;0.339040;,
   6.344699;-0.670339;0.540595;,
   6.256760;-0.726774;0.539962;,
   6.256797;-0.726763;0.339712;,
   6.180399;-0.803633;0.339040;,
   6.180363;-0.803646;0.534761;,
   6.103367;-0.904191;0.523001;,
   6.103295;-0.904326;0.339040;,
   6.036207;-1.040701;0.339040;,
   6.036207;-1.040701;0.505887;,
   5.986811;-1.132973;0.442981;,
   5.986811;-1.132852;0.339040;,
   5.986811;-1.132852;0.490568;,
   6.005072;-1.145884;0.582488;,
   6.053458;-1.051817;0.587836;,
   6.119534;-0.918953;0.590132;,
   6.197189;-0.818743;0.591131;,
   6.270974;-0.746500;0.591803;,
   6.355152;-0.692049;0.591278;,
   6.467037;-0.661049;0.591726;,
   6.379640;-0.736125;0.643251;,
   6.303157;-0.785163;0.643839;,
   6.239335;-0.848668;0.642947;,
   6.161975;-0.949302;0.642972;,
   6.103447;-1.066469;0.643313;,
   6.065111;-1.166292;0.643039;,
   6.239410;-1.105983;0.710357;,
   6.277219;-1.033631;0.710357;,
   6.355543;-0.933442;0.710357;,
   6.392994;-0.898151;0.711028;,
   6.447330;-0.863535;0.710357;,
   12.651743;-0.578165;0.339042;,
   12.885012;-0.488956;0.339042;,
   12.885542;-0.478134;0.539193;,
   12.950994;-0.434785;0.537920;,
   12.998530;-0.382820;0.490684;,
   12.972414;-0.436102;0.326050;,
   13.033983;-0.330260;0.419383;,
   13.006048;-0.393119;0.281943;,
   13.062712;-0.284957;0.334184;,
   13.032287;-0.356789;0.213884;,
   13.087648;-0.242501;0.174430;,
   13.058672;-0.328770;0.092352;,
   13.095962;-0.228016;0.000542;,
   13.067951;-0.319902;0.000542;,
   13.058672;-0.328770;-0.091269;,
   13.087648;-0.242501;-0.173346;,
   13.032287;-0.356789;-0.212800;,
   13.062712;-0.284957;-0.333102;,
   13.006048;-0.393119;-0.280861;,
   13.033983;-0.330260;-0.418300;,
   12.972414;-0.436102;-0.324967;,
   12.998530;-0.382820;-0.489602;,
   12.885012;-0.488956;-0.337960;,
   12.950993;-0.434785;-0.536836;,
   12.885542;-0.478134;-0.538110;,
   12.651743;-0.578165;-0.337960;,
   7.236849;-0.620541;-0.496718;,
   6.796661;-0.624022;-0.496718;,
