xof 0303txt 0032
template ColorRGBA {
 <35ff44e0-6c7c-11cf-8f52-0040333594a3>
 FLOAT red;
 FLOAT green;
 FLOAT blue;
 FLOAT alpha;
}

template ColorRGB {
 <d3e16e81-7835-11cf-8f52-0040333594a3>
 FLOAT red;
 FLOAT green;
 FLOAT blue;
}

template Material {
 <3d82ab4d-62da-11cf-ab39-0020af71e433>
 ColorRGBA faceColor;
 FLOAT power;
 ColorRGB specularColor;
 ColorRGB emissiveColor;
 [...]
}

template TextureFilename {
 <a42790e1-7810-11cf-8f52-0040333594a3>
 STRING filename;
}

template Frame {
 <3d82ab46-62da-11cf-ab39-0020af71e433>
 [...]
}

template Matrix4x4 {
 <f6f23f45-7686-11cf-8f52-0040333594a3>
 array FLOAT matrix[16];
}

template FrameTransformMatrix {
 <f6f23f41-7686-11cf-8f52-0040333594a3>
 Matrix4x4 frameMatrix;
}

template Vector {
 <3d82ab5e-62da-11cf-ab39-0020af71e433>
 FLOAT x;
 FLOAT y;
 FLOAT z;
}

template MeshFace {
 <3d82ab5f-62da-11cf-ab39-0020af71e433>
 DWORD nFaceVertexIndices;
 array DWORD faceVertexIndices[nFaceVertexIndices];
}

template Mesh {
 <3d82ab44-62da-11cf-ab39-0020af71e433>
 DWORD nVertices;
 array Vector vertices[nVertices];
 DWORD nFaces;
 array MeshFace faces[nFaces];
 [...]
}

template MeshMaterialList {
 <f6f23f42-7686-11cf-8f52-0040333594a3>
 DWORD nMaterials;
 DWORD nFaceIndexes;
 array DWORD faceIndexes[nFaceIndexes];
 [Material <3d82ab4d-62da-11cf-ab39-0020af71e433>]
}

template VertexElement {
 <f752461c-1e23-48f6-b9f8-8350850f336f>
 DWORD Type;
 DWORD Method;
 DWORD Usage;
 DWORD UsageIndex;
}

template DeclData {
 <bf22e553-292c-4781-9fea-62bd554bdd93>
 DWORD nElements;
 array VertexElement Elements[nElements];
 DWORD nDWords;
 array DWORD data[nDWords];
}

template XSkinMeshHeader {
 <3cf169ce-ff7c-44ab-93c0-f78f62d172e2>
 WORD nMaxSkinWeightsPerVertex;
 WORD nMaxSkinWeightsPerFace;
 WORD nBones;
}

template SkinWeights {
 <6f0d123b-bad2-4167-a0d0-80224f25fabb>
 STRING transformNodeName;
 DWORD nWeights;
 array DWORD vertexIndices[nWeights];
 array FLOAT weights[nWeights];
 Matrix4x4 matrixOffset;
}

template AnimTicksPerSecond {
 <9e415a43-7ba6-4a73-8743-b73d47e88476>
 DWORD AnimTicksPerSecond;
}

template Animation {
 <3d82ab4f-62da-11cf-ab39-0020af71e433>
 [...]
}

template AnimationSet {
 <3d82ab50-62da-11cf-ab39-0020af71e433>
 [Animation <3d82ab4f-62da-11cf-ab39-0020af71e433>]
}

template FloatKeys {
 <10dd46a9-775b-11cf-8f52-0040333594a3>
 DWORD nValues;
 array FLOAT values[nValues];
}

template TimedFloatKeys {
 <f406b180-7b3b-11cf-8f52-0040333594a3>
 DWORD time;
 FloatKeys tfkeys;
}

template AnimationKey {
 <10dd46a8-775b-11cf-8f52-0040333594a3>
 DWORD keyType;
 DWORD nKeys;
 array TimedFloatKeys keys[nKeys];
}


Material Material__75 {
 1.000000;1.000000;1.000000;1.000000;;
 10.000000;
 0.000000;0.000000;0.000000;;
 0.000000;0.000000;0.000000;;

 TextureFilename {
  "US_Parachute_CM.tga";
 }
}

Material Material__76 {
 1.000000;1.000000;1.000000;1.000000;;
 10.000000;
 0.000000;0.000000;0.000000;;
 0.000000;0.000000;0.000000;;

 TextureFilename {
  "US_Parachute_Gear_CM.tga";
 }
}

Frame SceneRoot {
 

 FrameTransformMatrix {
  1.000000,0.000000,0.000000,0.000000,0.000000,1.000000,0.000000,0.000000,0.000000,0.000000,1.000000,0.000000,0.000000,0.000000,0.000000,1.000000;;
 }

 Frame Root {
  

  FrameTransformMatrix {
   1.000000,0.000000,0.000000,0.000000,0.000000,1.000000,0.000000,0.000000,0.000000,0.000000,1.000000,0.000000,0.000000,0.000000,0.000000,1.000000;;
  }

  Frame RootOffset {
   

   FrameTransformMatrix {
    -0.000000,-0.020102,0.999798,0.000000,1.000000,0.000000,0.000000,0.000000,0.000000,0.999798,0.020102,0.000000,0.000000,0.000000,0.000000,1.000000;;
   }

   Frame shroud1 {
    

    FrameTransformMatrix {
     0.999798,0.000000,0.020102,0.000000,-0.000000,1.000000,-0.000000,0.000000,-0.020102,-0.000000,0.999798,0.000000,53.029709,0.000005,-0.000005,1.000000;;
    }

    Frame shroud2 {
     

     FrameTransformMatrix {
      1.000000,-0.000000,0.000000,0.000000,-0.000000,1.000000,0.000000,0.000000,0.000000,-0.000000,1.000000,0.000000,95.000000,-0.000001,0.000004,1.000000;;
     }

     Frame shroud3 {
      

      FrameTransformMatrix {
       1.000000,0.000000,0.000000,0.000000,-0.000000,1.000000,-0.000000,0.000000,0.000000,0.000000,1.000000,0.000000,95.000000,0.000000,0.000004,1.000000;;
      }

      Frame shroud4 {
       

       FrameTransformMatrix {
        1.000000,-0.000000,0.000000,0.000000,-0.000000,1.000000,-0.000000,0.000000,0.000000,0.000000,1.000000,0.000000,94.999987,0.000000,0.000004,1.000000;;
       }

       Frame shroud5 {
        

        FrameTransformMatrix {
         1.000000,-0.000000,0.000000,0.000000,-0.000000,1.000000,-0.000000,0.000000,0.000000,0.000000,1.000000,0.000000,95.000000,0.000000,0.000004,1.000000;;
        }

        Frame shroud6 {
         

         FrameTransformMatrix {
          1.000000,-0.000000,0.000000,0.000000,-0.000000,1.000000,-0.000000,0.000000,0.000000,0.000000,1.000000,0.000000,95.000000,0.000000,0.000004,1.000000;;
         }

         Frame chuteBase {
          

          FrameTransformMatrix {
           0.255391,-0.966838,-0.000000,0.000000,0.000000,0.000000,-1.000000,0.000000,0.966838,0.255391,0.000000,0.000000,95.000000,0.000000,0.000004,1.000000;;
          }

          Frame chute3_1 {
           

           FrameTransformMatrix {
            0.966838,-0.000000,-0.255391,0.000000,0.000000,1.000000,-0.000000,0.000000,0.255391,-0.000000,0.966838,0.000000,218.268134,0.000000,180.233152,1.000000;;
           }
          }

          Frame chute3_2 {
           

           FrameTransformMatrix {
            -0.683657,-0.707107,0.180589,0.000000,0.683657,-0.707107,-0.180589,0.000000,0.255391,0.000000,0.966838,0.000000,171.518387,116.646438,192.582208,1.000000;;
           }
          }

          Frame chute3_3 {
           

           FrameTransformMatrix {
            -0.966838,0.000000,0.255391,0.000000,-0.000000,-1.000000,0.000000,0.000000,0.255391,0.000000,0.966838,0.000000,58.739942,165.000026,222.372685,1.000000;;
           }
          }

          Frame chute3_4 {
           

           FrameTransformMatrix {
            0.683658,-0.707107,-0.180589,0.000000,0.683657,0.707107,-0.180588,0.000000,0.255391,-0.000000,0.966838,0.000000,-54.038355,116.646592,252.163277,1.000000;;
           }
          }

          Frame chute3_5 {
           

           FrameTransformMatrix {
            0.966838,-0.000000,-0.255391,0.000000,0.000000,1.000000,-0.000000,0.000000,0.255391,-0.000000,0.966838,0.000000,-100.788256,0.000028,264.512205,1.000000;;
           }
          }

          Frame chute3_6 {
           

           FrameTransformMatrix {
            0.683657,0.707107,-0.180589,0.000000,-0.683657,0.707107,0.180589,0.000000,0.255391,0.000000,0.966838,0.000000,-54.038938,-116.645990,252.163277,1.000000;;
           }
          }

          Frame chute3_7 {
           

           FrameTransformMatrix {
            -0.966838,0.000000,0.255391,0.000000,-0.000000,-1.000000,0.000000,0.000000,0.255391,0.000000,0.966838,0.000000,58.739962,-164.999974,222.372685,1.000000;;
           }
          }

          Frame chute3_8 {
           

           FrameTransformMatrix {
            -0.683657,0.707107,0.180589,0.000000,-0.683657,-0.707107,0.180589,0.000000,0.255391,0.000000,0.966838,0.000000,171.518234,-116.646592,192.582093,1.000000;;
           }
          }

          Frame chute2_1 {
           

           FrameTransformMatrix {
            0.966838,-0.000000,-0.255391,0.000000,0.000000,1.000000,-0.000000,0.000000,0.255391,-0.000000,0.966838,0.000000,289.412787,-0.000014,58.010253,1.000000;;
           }
          }

          Frame chute2_2 {
           

           FrameTransformMatrix {
            -0.683657,-0.707107,0.180589,0.000000,0.683657,-0.707107,-0.180589,0.000000,0.255391,0.000000,0.966838,0.000000,214.370163,187.383142,77.832826,1.000000;;
           }
          }

          Frame chute2_3 {
           

           FrameTransformMatrix {
            -0.966838,0.000000,0.255391,0.000000,-0.000000,-1.000000,0.000000,0.000000,0.255391,0.000000,0.966838,0.000000,33.200822,264.999987,125.688781,1.000000;;
           }
          }

          Frame chute2_4 {
           

           FrameTransformMatrix {
            0.683658,-0.707107,-0.180589,0.000000,0.683657,0.707107,-0.180588,0.000000,0.255391,-0.000000,0.966838,0.000000,-147.968371,187.383322,173.544922,1.000000;;
           }
          }

          Frame chute2_5 {
           

           FrameTransformMatrix {
            0.966838,-0.000000,-0.255391,0.000000,0.000000,1.000000,-0.000000,0.000000,0.255391,-0.000000,0.966838,0.000000,-223.011098,0.000030,193.367552,1.000000;;
           }
          }

          Frame chute2_6 {
           

           FrameTransformMatrix {
            0.683657,0.707107,-0.180589,0.000000,-0.683657,0.707107,0.180589,0.000000,0.255391,0.000000,0.966838,0.000000,-147.968947,-187.382669,173.545050,1.000000;;
           }
          }

          Frame chute2_7 {
           

           FrameTransformMatrix {
            -0.966838,0.000000,0.255391,0.000000,-0.000000,-1.000000,0.000000,0.000000,0.255391,0.000000,0.966838,0.000000,33.200851,-264.999987,125.689024,1.000000;;
           }
          }

          Frame chute2_8 {
           

           FrameTransformMatrix {
            -0.683657,0.707107,0.180589,0.000000,-0.683657,-0.707107,0.180589,0.000000,0.255391,0.000000,0.966838,0.000000,214.370074,-187.383283,77.832883,1.000000;;
           }
          }

          Frame chute1_1 {
           

           FrameTransformMatrix {
            -0.966838,0.000000,0.255391,0.000000,-0.000000,-1.000000,0.000000,0.000000,0.255391,0.000000,0.966838,0.000000,257.488896,-0.000021,-62.844358,1.000000;;
           }
          }

          Frame chute1_2 {
           

           FrameTransformMatrix {
            -0.683657,-0.707107,0.180589,0.000000,0.683657,-0.707107,-0.180589,0.000000,0.255391,0.000000,0.966838,0.000000,182.446272,187.383142,-43.021789,1.000000;;
           }
          }

          Frame chute1_3 {
           

           FrameTransformMatrix {
            0.966838,-0.000000,-0.255391,0.000000,0.000000,1.000000,-0.000000,0.000000,0.255391,-0.000000,0.966838,0.000000,1.276947,264.999962,4.834168,1.000000;;
           }
          }

          Frame chute1_4 {
           

           FrameTransformMatrix {
            0.683658,-0.707107,-0.180589,0.000000,0.683657,0.707107,-0.180588,0.000000,0.255391,-0.000000,0.966838,0.000000,-179.892262,187.383322,52.690307,1.000000;;
           }
          }

          Frame chute1_5 {
           

           FrameTransformMatrix {
            -0.966838,0.000000,0.255391,0.000000,-0.000000,-1.000000,0.000000,0.000000,0.255391,0.000000,0.966838,0.000000,-254.934989,0.000022,72.512941,1.000000;;
           }
          }

          Frame chute1_6 {
           

           FrameTransformMatrix {
            0.683657,0.707107,-0.180589,0.000000,-0.683657,0.707107,0.180589,0.000000,0.255391,0.000000,0.966838,0.000000,-179.892826,-187.382669,52.690429,1.000000;;
           }
          }

          Frame chute1_7 {
           

           FrameTransformMatrix {
            0.966838,-0.000000,-0.255391,0.000000,0.000000,1.000000,-0.000000,0.000000,0.255391,-0.000000,0.966838,0.000000,1.276962,-265.000038,4.834350,1.000000;;
           }
          }

          Frame chute1_8 {
           

           FrameTransformMatrix {
            -0.683657,0.707107,0.180589,0.000000,-0.683657,-0.707107,0.180589,0.000000,0.255391,0.000000,0.966838,0.000000,182.446182,-187.383283,-43.021728,1.000000;;
           }
          }

          Frame chute_top {
           

           FrameTransformMatrix {
            0.966838,-0.000000,-0.255391,0.000000,0.000000,1.000000,-0.000000,0.000000,0.255391,-0.000000,0.966838,0.000000,65.313811,0.000016,247.259520,1.000000;;
           }
          }
         }
        }
       }
      }
     }
    }
   }
  }

  Frame LeftBuckle {
   

   FrameTransformMatrix {
    0.981235,0.078193,0.176247,0.000000,-0.192814,0.397926,0.896927,0.000000,-0.000000,-0.914079,0.405535,0.000000,16.086755,-0.053407,28.118678,1.000000;;
   }

   Frame leftStrap {
    

    FrameTransformMatrix {
     1.000000,0.000000,-0.000000,0.000000,-0.000000,0.192449,0.981307,0.000000,0.000000,-0.981307,0.192449,0.000000,2.555141,-8.052615,10.684229,1.000000;;
    }
   }
  }

  Frame rightBuckle {
   

   FrameTransformMatrix {
    0.971886,0.164308,0.168646,0.000000,-0.225101,0.438341,0.870165,0.000000,0.069050,-0.883663,0.463003,0.000000,-16.574824,-3.667736,27.915078,1.000000;;
   }

   Frame rightStrap {
    

    FrameTransformMatrix {
     1.000000,-0.000000,0.000000,0.000000,0.000000,0.252149,0.967689,0.000000,-0.000000,-0.967689,0.252149,0.000000,-3.985097,-4.807489,11.276332,1.000000;;
    }
   }
  }
 }

 Frame US_Parachute_rigged {
  

  FrameTransformMatrix {
   1.000000,0.000000,0.000000,0.000000,0.000000,1.000000,0.000000,0.000000,0.000000,0.000000,1.000000,0.000000,0.000000,0.000000,0.000000,1.000000;;
  }

  Mesh US_Parachute_rigged {
   2632;
   -24.551381;26.631547;213.288730;,
   -24.820725;26.226270;213.777318;,
   -24.594997;25.597592;213.858266;,
   307.753446;-125.212173;796.59923;,
   308.295450;-125.432666;828.17920;,
   264.859750;-200.598221;796.59923;,
   330.254925;-41.365834;828.17920;,
   325.011174;-40.709034;859.21875;,
   308.295450;-125.432666;828.17920;,
   329.674368;-41.293117;796.59923;,
   259.861453;-196.812698;765.01926;,
   301.945779;-122.849229;765.01926;,
   307.753446;-125.212173;796.59923;,
   323.453005;-40.513862;765.01926;,
   129.303373;-306.692378;828.17920;,
   127.250317;-301.822694;859.21875;,
   45.519642;-329.708416;828.17920;,
   45.439645;-329.128781;796.59923;,
   129.076109;-306.153216;796.59923;,
   204.275302;-262.775782;828.17920;,
   203.916211;-262.313830;796.59923;,
   265.326131;-200.951462;828.17920;,
   303.400294;-123.441114;859.21875;,
   313.871002;-39.313683;889.18694;,
   -41.366205;-330.255309;828.17920;,
   -41.293475;-329.674675;796.59923;,
   -40.514224;-323.453338;765.01926;,
   44.582122;-322.917683;765.01926;,
   126.640243;-300.375731;765.01926;,
   200.068045;-257.363686;765.01926;,
   41.365418;330.255283;828.17920;,
   40.708621;325.011533;859.21875;,
   125.432282;308.295859;828.17920;,
   125.211802;307.753907;796.59923;,
   41.292704;329.674752;796.59923;,
   122.848870;301.946189;765.01926;,
   196.812314;259.861914;765.01926;,
   200.597875;264.860237;796.59923;,
   257.363354;200.068467;765.01926;,
   40.513450;323.453389;765.01926;,
   39.313267;313.871334;889.18694;,
   123.440666;303.400806;859.21875;,
   200.951117;265.326541;828.17920;,
   262.313498;203.916621;796.59923;,
   300.375373;126.640653;765.01926;,
   306.152883;129.076442;796.59923;,
   322.917350;44.582525;765.01926;,
   329.128448;45.439994;796.59923;,
   197.760410;261.113779;859.21875;,
   262.775450;204.275661;828.17920;,
   119.209574;293.001344;889.18694;,
   37.185853;296.886554;917.57088;,
   112.758656;277.145907;917.57088;,
   34.349418;274.241126;943.88499;,
   104.157805;256.006170;943.88499;,
   30.844109;246.255565;967.67898;,
   93.528762;229.881498;967.67898;,
   190.981939;252.163738;889.18694;,
   180.647130;238.518195;917.57088;,
   166.867994;220.324838;943.88499;,
   149.839526;197.841344;967.67898;,
   81.044653;199.197325;988.54573;,
   129.839194;171.433869;988.54573;,
   66.927827;164.500109;1006.12819;,
   107.223066;141.572659;1006.12819;,
   169.785344;131.987366;988.54573;,
   195.938970;152.318643;967.67898;,
   218.206387;169.628826;943.88499;,
   236.224768;183.635853;917.57088;,
   249.739162;194.141658;889.18694;,
   258.603085;201.032243;859.21875;,
   275.704038;116.239040;917.57088;,
   291.477043;122.889088;889.18694;,
   301.822387;127.250714;859.21875;,
   306.692045;129.303782;828.17920;,
   329.708006;45.520022;828.17920;,
   324.472934;44.797245;859.21875;,
   313.351219;43.261779;889.18694;,
   296.394496;40.920739;917.57088;,
   254.674355;107.372781;943.88499;,
   273.786624;37.799389;943.88499;,
   323.453005;-40.513862;765.01926;,
   329.674368;-41.293117;796.59923;,
   330.254925;-41.365834;828.17920;,
   325.011174;-40.709034;859.21875;,
   313.871002;-39.313683;889.18694;,
   296.886170;-37.186266;917.57088;,
   274.240794;-34.349834;943.88499;,
   245.847373;33.942074;967.67898;,
   246.255206;-30.844531;967.67898;,
   213.032077;29.411546;988.54573;,
   213.385472;-26.727461;988.54573;,
   175.925018;24.288525;1006.12819;,
   176.216845;-22.072000;1006.12819;,
   135.227994;18.669770;1020.12570;,
   135.452288;-16.966075;1020.12570;,
   228.685466;96.415642;967.67898;,
   198.160922;83.546246;988.54573;,
   163.644186;68.993766;1006.12819;,
   163.644186;68.993766;1006.12819;,
   125.788096;53.033350;1020.12570;,
   85.339290;35.979808;1030.29843;,
   91.743699;12.666306;1030.29843;,
   43.118947;18.179405;1036.47251;,
   46.354870;6.399868;1036.47251;,
   91.895872;-11.510396;1030.29843;,
   46.431766;-5.815831;1036.47251;,
   -0.000395;-0.000013;1038.54246;,
   36.944496;28.720006;1036.47251;,
   73.119149;56.841382;1030.29843;,
   5.815422;46.432179;1036.47251;,
   17.634779;43.344752;1036.47251;,
   28.252326;37.303498;1036.47251;,
   55.916013;73.829267;1030.29843;,
   107.775885;83.782714;1020.12570;,
   82.418938;108.822438;1020.12570;,
   140.211213;108.997146;1006.12819;,
   51.445242;126.446093;1020.12570;,
   34.902288;85.785901;1030.29843;,
   26.727050;213.385882;988.54573;,
   22.071528;176.217190;1006.12819;,
   16.965598;135.452634;1020.12570;,
   11.509985;91.896250;1030.29843;,
   28.278739;25.371011;212.009587;,
   23.818112;16.081640;190.015974;,
   28.256298;26.077490;211.784947;,
   23.805363;15.376190;190.043610;,
   18.111872;3.229831;162.027302;,
   18.053880;2.525704;161.801638;,
   197.046221;-87.156128;557.83373;,
   197.779648;-85.592608;557.80378;,
   214.221082;-93.206259;592.36499;,
   214.941261;-91.636358;592.33504;,
   231.395917;-99.256416;626.89626;,
   232.102886;-97.680109;626.86624;,
   248.570778;-105.306541;661.42752;,
   249.264461;-103.723872;661.39750;,
   265.745664;-111.356659;695.95872;,
   266.426086;-109.767642;695.92877;,
   282.920499;-117.406797;730.48998;,
   283.587686;-115.811392;730.46003;,
   300.104755;-123.462643;765.01267;,
   300.753997;-121.857062;764.98733;,
   111.171955;-56.905478;385.177523;,
   111.971622;-55.373811;385.147520;,
   128.346803;-62.955616;419.708774;,
   129.133222;-61.417574;419.678771;,
   145.521638;-69.005734;454.24003;,
   146.294848;-67.461331;454.21002;,
   162.696512;-75.055872;488.77126;,
   163.456435;-73.505107;488.74128;,
   179.871386;-81.105997;523.30250;,
   180.618048;-79.548851;523.27251;,
   25.297690;-26.654810;212.521306;,
   26.163584;-25.155035;212.491277;,
   42.472547;-32.704941;247.052621;,
   43.325190;-31.198794;247.022464;,
   59.647392;-38.755072;281.583821;,
   60.486797;-37.242554;281.553741;,
   76.822253;-44.805206;316.115072;,
   77.648410;-43.286304;316.084992;,
   93.997101;-50.855338;350.646323;,
   94.809997;-49.330058;350.616243;,
   283.587686;-115.811392;730.46003;,
   284.636877;-117.188211;730.47501;,
   300.753997;-121.857062;764.98733;,
   267.463040;-111.152666;695.94381;,
   266.426086;-109.767642;695.92877;,
   250.289229;-105.117101;661.41254;,
   249.264461;-103.723872;661.39750;,
   233.115443;-99.081581;626.88128;,
   232.102886;-97.680109;626.86624;,
   215.941606;-93.045997;592.35002;,
   214.941261;-91.636358;592.33504;,
   198.767808;-87.010445;557.81882;,
   301.818112;-123.226880;765.00000;,
   282.920499;-117.406797;730.48998;,
   265.745664;-111.356659;695.95872;,
   248.570778;-105.306541;661.42752;,
   231.395917;-99.256416;626.89626;,
   214.221082;-93.206259;592.36499;,
   300.104755;-123.462643;765.01267;,
   197.046221;-87.156128;557.83373;,
   179.871386;-81.105997;523.30250;,
   181.593997;-80.974899;523.28755;,
   162.696512;-75.055872;488.77126;,
   164.420160;-74.939347;488.75629;,
   145.521638;-69.005734;454.24003;,
   147.246387;-68.903802;454.22502;,
   128.346803;-62.955616;419.708774;,
   130.072550;-62.868243;419.693798;,
   197.779648;-85.592608;557.80378;,
   180.618048;-79.548851;523.27251;,
   163.456435;-73.505107;488.74128;,
   146.294848;-67.461331;454.21002;,
   129.133222;-61.417574;419.678771;,
   112.898726;-56.832698;385.162547;,
   111.171955;-56.905478;385.177523;,
   93.997101;-50.855338;350.646323;,
   95.724915;-50.797139;350.631296;,
   76.822253;-44.805206;316.115072;,
   78.551110;-44.761584;316.100045;,
   59.647392;-38.755072;281.583821;,
   61.377299;-38.726029;281.568794;,
   42.472547;-32.704941;247.052621;,
   59.647392;-38.755072;281.583821;,
   44.203488;-32.690480;247.037542;,
   111.971622;-55.373811;385.147520;,
   94.809997;-49.330058;350.616243;,
   77.648410;-43.286304;316.084992;,
   60.486797;-37.242554;281.553741;,
   43.325190;-31.198794;247.022464;,
   25.297690;-26.654810;212.521306;,
   27.029674;-26.654920;212.506291;,
   26.163584;-25.155035;212.491277;,
   28.190477;-26.979091;212.818662;,
   28.262714;-26.554352;211.928435;,
   28.218272;-25.897499;212.960307;,
   28.283603;-25.872859;212.140454;,
   24.664392;-27.283328;213.487002;,
   24.888458;-26.046078;213.761037;,
   24.428253;-26.722774;212.689024;,
   24.456258;-26.042973;213.061030;,
   28.283603;-25.872859;212.140454;,
   24.456258;-26.042973;213.061030;,
   28.218272;-25.897499;212.960307;,
   24.888458;-26.046078;213.761037;,
   28.262714;-26.554352;211.928435;,
   28.190477;-26.979091;212.818662;,
   24.428253;-26.722774;212.689024;,
   24.664392;-27.283328;213.487002;,
   28.223395;25.448802;213.056934;,
   28.278739;25.371011;212.009587;,
   28.179782;26.482757;212.487424;,
   28.256298;26.077490;211.784947;,
   28.278739;25.371011;212.009587;,
   28.223395;25.448802;213.056934;,
   24.451328;25.542136;212.930624;,
   24.893547;25.597592;213.858266;,
   24.893547;25.597592;213.858266;,
   24.849930;26.631547;213.288730;,
   24.451328;25.542136;212.930624;,
   24.428894;26.248611;212.705984;,
   28.256298;26.077490;211.784947;,
   24.428894;26.248611;212.705984;,
   28.179782;26.482757;212.487424;,
   24.849930;26.631547;213.288730;,
   28.218272;-25.897499;212.960307;,
   28.140912;-26.573219;213.220813;,
   28.190477;-26.979091;212.818662;,
   87.508806;-196.895373;557.78982;,
   89.134528;-196.307866;557.84774;,
   93.739859;-213.995302;592.32102;,
   95.360954;-213.393830;592.37894;,
   99.970925;-231.095270;626.85229;,
   101.587386;-230.479846;626.91021;,
   106.201978;-248.195200;661.38355;,
   107.813798;-247.565850;661.44147;,
   112.433037;-265.295130;695.91482;,
   114.040230;-264.651802;695.97274;,
   118.664102;-282.395085;730.44602;,
   120.266650;-281.737830;730.50394;,
   124.896077;-299.497216;764.97549;,
   126.496486;-298.837120;765.02451;,
   56.353498;-111.395686;385.133517;,
   58.002413;-110.877901;385.191526;,
   62.584563;-128.495616;419.664768;,
   64.228838;-127.963878;419.722778;,
   68.815622;-145.595571;454.19600;,
   70.455251;-145.049869;454.25402;,
   75.046675;-162.695501;488.72726;,
   76.681677;-162.135846;488.78528;,
   81.277741;-179.795430;523.25856;,
   82.908109;-179.221850;523.31654;,
   25.198192;-25.895974;212.477299;,
   26.870291;-25.447942;212.535283;,
   31.429254;-42.995917;247.008538;,
   33.096714;-42.533933;247.066522;,
   37.660317;-60.095853;281.539763;,
   39.323139;-59.619923;281.597798;,
   43.891376;-77.195802;316.071014;,
   45.549565;-76.705920;316.129050;,
   50.122435;-94.295731;350.602266;,
   51.775987;-93.791910;350.660301;,
   120.266650;-281.737830;730.50394;,
   120.033472;-283.453798;730.47501;,
   126.496486;-298.837120;765.02451;,
   113.792717;-266.364902;695.94381;,
   114.040230;-264.651802;695.97274;,
   107.552013;-249.276083;661.41254;,
   107.813798;-247.565850;661.44147;,
   101.311258;-232.187187;626.88128;,
   101.587386;-230.479846;626.91021;,
   95.070534;-215.098317;592.35002;,
   95.360954;-213.393830;592.37894;,
   88.829805;-198.009472;557.81882;,
   126.277286;-300.550144;765.00000;,
   118.664102;-282.395085;730.44602;,
   112.433037;-265.295130;695.91482;,
   106.201978;-248.195200;661.38355;,
   99.970925;-231.095270;626.85229;,
   93.739859;-213.995302;592.32102;,
   124.896077;-299.497216;764.97549;,
   87.508806;-196.895373;557.78982;,
   81.277741;-179.795430;523.25856;,
   82.589062;-180.920614;523.28755;,
   75.046675;-162.695501;488.72726;,
   76.348333;-163.831757;488.75629;,
   68.815622;-145.595571;454.19600;,
   70.107597;-146.742886;454.22502;,
   62.584563;-128.495616;419.664768;,
   63.866867;-129.654016;419.693798;,
   89.134528;-196.307866;557.84774;,
   82.908109;-179.221850;523.31654;,
   76.681677;-162.135846;488.78528;,
   70.455251;-145.049869;454.25402;,
   64.228838;-127.963878;419.722778;,
   57.626138;-112.565171;385.162547;,
   56.353498;-111.395686;385.133517;,
   50.122435;-94.295731;350.602266;,
   51.385398;-95.476301;350.631296;,
   43.891376;-77.195802;316.071014;,
   45.144666;-78.387430;316.100045;,
   37.660317;-60.095853;281.539763;,
   38.903939;-61.298579;281.568794;,
   31.429254;-42.995917;247.008538;,
   32.663200;-44.209712;247.037542;,
   58.002413;-110.877901;385.191526;,
   51.775987;-93.791910;350.660301;,
   45.549565;-76.705920;316.129050;,
   39.323139;-59.619923;281.597798;,
   33.096714;-42.533933;247.066522;,
   25.198192;-25.895974;212.477299;,
   26.422470;-27.120848;212.506291;,
   26.870291;-25.447942;212.535283;,
   24.888458;-26.046078;213.761037;,
   24.664392;-27.283328;213.487002;,
   25.131378;-26.706456;213.943232;,
   -87.164147;-197.038182;557.83373;,
   -85.600627;-197.771597;557.80378;,
   -93.214349;-214.213107;592.36499;,
   -91.644448;-214.933248;592.33504;,
   -99.264570;-231.388006;626.89626;,
   -97.688262;-232.094950;626.86624;,
   -105.314771;-248.562918;661.42752;,
   -103.732096;-249.256602;661.39750;,
   -111.364954;-265.737882;695.95872;,
   -109.775936;-266.418278;695.92877;,
   -117.415168;-282.912819;730.48998;,
   -115.819763;-283.579955;730.46003;,
   -123.471078;-300.097126;765.01267;,
   -121.865498;-300.746342;764.98733;,
   -56.913146;-111.163571;385.177523;,
   -55.381478;-111.963226;385.147520;,
   -62.963354;-128.338483;419.708774;,
   -61.425318;-129.124890;419.678771;,
   -69.013549;-145.513395;454.24003;,
   -67.469146;-146.286592;454.21002;,
   -75.063750;-162.688346;488.77126;,
   -73.512986;-163.448243;488.74128;,
   -81.113946;-179.863283;523.30250;,
   -79.556800;-180.609907;523.27251;,
   -26.662133;-25.288962;212.521306;,
   -25.162357;-26.154856;212.491277;,
   -32.712333;-42.463885;247.052621;,
   -31.206186;-43.316531;247.022464;,
   -38.762534;-59.638803;281.583821;,
   -37.250016;-60.478202;281.553741;,
   -44.812736;-76.813728;316.115072;,
   -43.293840;-77.639878;316.084992;,
   -50.862938;-93.988646;350.646323;,
   -49.337661;-94.801542;350.616243;,
   -115.819763;-283.579955;730.46003;,
   -117.196582;-284.629146;730.47501;,
   -121.865498;-300.746342;764.98733;,
   -111.160960;-267.455283;695.94381;,
   -109.775936;-266.418278;695.92877;,
   -105.125318;-250.281395;661.41254;,
   -103.732096;-249.256602;661.39750;,
   -99.089734;-233.107533;626.88128;,
   -97.688262;-232.094950;626.86624;,
   -93.054086;-215.933645;592.35002;,
   -91.644448;-214.933248;592.33504;,
   -87.018464;-198.759770;557.81882;,
   -123.235315;-301.810483;765.00000;,
   -117.415168;-282.912819;730.48998;,
   -111.364954;-265.737882;695.95872;,
   -105.314771;-248.562918;661.42752;,
   -99.264570;-231.388006;626.89626;,
   -93.214349;-214.213107;592.36499;,
   -123.471078;-300.097126;765.01267;,
   -87.164147;-197.038182;557.83373;,
   -81.113946;-179.863283;523.30250;,
   -80.982848;-181.585882;523.28755;,
   -75.063750;-162.688346;488.77126;,
   -74.947226;-164.411994;488.75629;,
   -69.013549;-145.513395;454.24003;,
   -68.911616;-147.238131;454.22502;,
   -62.963354;-128.338483;419.708774;,
   -62.875987;-130.064243;419.693798;,
   -85.600627;-197.771597;557.80378;,
   -79.556800;-180.609907;523.27251;,
   -73.512986;-163.448243;488.74128;,
   -67.469146;-146.286592;454.21002;,
   -61.425318;-129.124890;419.678771;,
   -56.840365;-112.890342;385.162547;,
   -56.913146;-111.163571;385.177523;,
   -50.862938;-93.988646;350.646323;,
   -50.804736;-95.716461;350.631296;,
   -44.812736;-76.813728;316.115072;,
   -44.769117;-78.542592;316.100045;,
   -38.762534;-59.638803;281.583821;,
   -38.733491;-61.368710;281.568794;,
   -32.712333;-42.463885;247.052621;,
   -32.697872;-44.194829;247.037542;,
   -55.381478;-111.963226;385.147520;,
   -49.337661;-94.801542;350.616243;,
   -43.293840;-77.639878;316.084992;,
   -37.250016;-60.478202;281.553741;,
   -31.206186;-43.316531;247.022464;,
   -26.662133;-25.288962;212.521306;,
   -26.662245;-27.020944;212.506291;,
   -25.162357;-26.154856;212.491277;,
   28.218272;-25.897499;212.960307;,
   24.888458;-26.046078;213.761037;,
   28.140912;-26.573219;213.220813;,
   25.131378;-26.706456;213.943232;,
   24.664392;-27.283328;213.487002;,
   28.190477;-26.979091;212.818662;,
   25.131378;-26.706456;213.943232;,
   28.140912;-26.573219;213.220813;,
   28.223395;25.448802;213.056934;,
   28.179782;26.482757;212.487424;,
   28.128506;26.091749;213.053146;,
   -196.903411;-87.500755;557.78982;,
   -196.315891;-89.126470;557.84774;,
   -214.003405;-93.731872;592.32102;,
   -213.401933;-95.352966;592.37894;,
   -231.103437;-99.963008;626.85229;,
   -230.488013;-101.579462;626.91021;,
   -248.203443;-106.194131;661.38355;,
   -247.574093;-107.805952;661.44147;,
   -265.303424;-112.425267;695.91482;,
   -264.660122;-114.032435;695.97274;,
   -282.403482;-118.656384;730.44602;,
   -281.746176;-120.258931;730.50394;,
   -299.505664;-124.888422;764.97549;,
   -298.845594;-126.488819;765.02451;,
   -111.403379;-56.345114;385.133517;,
   -110.885568;-57.994022;385.191526;,
   -128.503373;-62.576237;419.664768;,
   -127.971622;-64.220506;419.722778;,
   -145.603379;-68.807366;454.19600;,
   -145.057690;-70.447002;454.25402;,
   -162.703386;-75.038490;488.72726;,
   -162.143744;-76.673485;488.78528;,
   -179.803379;-81.269626;523.25856;,
   -179.229811;-82.899987;523.31654;,
   -25.903299;-25.189464;212.477299;,
   -25.455267;-26.861565;212.535283;,
   -43.003312;-31.420592;247.008538;,
   -42.541325;-33.088051;247.066522;,
   -60.103322;-37.651722;281.539763;,
   -59.627386;-39.314544;281.597798;,
   -60.103322;-37.651722;281.539763;,
   -77.203341;-43.882851;316.071014;,
   -76.713446;-45.541040;316.129050;,
   -94.303334;-50.113981;350.602266;,
   -93.799514;-51.767523;350.660301;,
   -111.403379;-56.345114;385.133517;,
   -281.746176;-120.258931;730.50394;,
   -283.462170;-120.025754;730.47501;,
   -298.845594;-126.488819;765.02451;,
   -266.373171;-113.784947;695.94381;,
   -264.660122;-114.032435;695.97274;,
   -249.284275;-107.544154;661.41254;,
   -247.574093;-107.805952;661.44147;,
   -232.195328;-101.303334;626.88128;,
   -230.488013;-101.579462;626.91021;,
   -215.106406;-95.062547;592.35002;,
   -213.401933;-95.352966;592.37894;,
   -198.017485;-88.821747;557.81882;,
   -300.558566;-126.269632;765.00000;,
   -282.403482;-118.656384;730.44602;,
   -265.303424;-112.425267;695.91482;,
   -248.203443;-106.194131;661.38355;,
   -231.103437;-99.963008;626.85229;,
   -214.003405;-93.731872;592.32102;,
   -299.505664;-124.888422;764.97549;,
   -196.903411;-87.500755;557.78982;,
   -179.803379;-81.269626;523.25856;,
   -180.928563;-82.580947;523.28755;,
   -162.703386;-75.038490;488.72726;,
   -163.839629;-76.340147;488.75629;,
   -145.603379;-68.807366;454.19600;,
   -146.750682;-70.099341;454.22502;,
   -128.503373;-62.576237;419.664768;,
   -129.661760;-63.858541;419.693798;,
   -196.315891;-89.126470;557.84774;,
   -179.229811;-82.899987;523.31654;,
   -162.143744;-76.673485;488.78528;,
   -145.057690;-70.447002;454.25402;,
   -127.971622;-64.220506;419.722778;,
   -112.572838;-57.617747;385.162547;,
   -111.403379;-56.345114;385.133517;,
   -94.303334;-50.113981;350.602266;,
   -95.483891;-51.376941;350.631296;,
   -77.203341;-43.882851;316.071014;,
   -78.394957;-45.136138;316.100045;,
   -60.103322;-37.651722;281.539763;,
   -61.306035;-38.895344;281.568794;,
   -43.003312;-31.420592;247.008538;,
   -44.217107;-32.654541;247.037542;,
   -110.885568;-57.994022;385.191526;,
   -93.799514;-51.767523;350.660301;,
   -76.713446;-45.541040;316.129050;,
   -59.627386;-39.314544;281.597798;,
   -42.541325;-33.088051;247.066522;,
   -25.903299;-25.189464;212.477299;,
   -27.128173;-26.413742;212.506291;,
   -25.455267;-26.861565;212.535283;,
   24.893547;25.597592;213.858266;,
   28.223395;25.448802;213.056934;,
   25.119274;26.226270;213.777318;,
   28.128506;26.091749;213.053146;,
   24.849930;26.631547;213.288730;,
   24.893547;25.597592;213.858266;,
   25.119274;26.226270;213.777318;,
   -210.638003;-36.430688;557.77786;,
   -210.491315;-38.152336;557.85971;,
   -229.135565;-37.544768;592.30906;,
   -228.974208;-39.265574;592.39091;,
   -247.633152;-38.658851;626.84032;,
   -247.457126;-40.378810;626.92218;,
   -266.130714;-39.772934;661.37158;,
   -265.940045;-41.492045;661.45344;,
   -284.628301;-40.887018;695.90285;,
   -284.422912;-42.605283;695.98470;,
   -303.125914;-42.001098;730.43411;,
   -302.905882;-43.718518;730.51590;,
   -321.623450;-43.115181;764.96531;,
   -321.404877;-44.831555;765.03469;,
   -118.150131;-30.860275;385.121562;,
   -118.076787;-32.586163;385.203482;,
   -136.647680;-31.974358;419.652813;,
   -136.559667;-33.699395;419.734733;,
   -155.145280;-33.088438;454.18406;,
   -155.042586;-34.812630;454.26598;,
   -173.642842;-34.202522;488.71530;,
   -173.525491;-35.925869;488.79725;,
   -192.140429;-35.316605;523.24659;,
   -192.008410;-37.039104;523.32848;,
   -25.662246;-25.289867;212.465331;,
   -25.662246;-27.019981;212.547238;,
   -44.159824;-26.403947;246.996582;,
   -44.145158;-28.133216;247.078502;,
   -62.657395;-27.518029;281.527808;,
   -62.628058;-29.246451;281.609779;,
   -81.154970;-28.632112;316.059059;,
   -81.110963;-30.359690;316.141030;,
   -99.652538;-29.746192;350.590310;,
   -99.593862;-31.472925;350.672282;,
   -302.905882;-43.718518;730.51590;,
   -304.502989;-43.049306;730.47501;,
   -321.404877;-44.831555;765.03469;,
   -286.013542;-41.923005;695.94381;,
   -284.422912;-42.605283;695.98470;,
   -267.524173;-40.796714;661.41254;,
   -265.940045;-41.492045;661.45344;,
   -249.034829;-39.670426;626.88128;,
   -247.457126;-40.378810;626.92218;,
   -230.545434;-38.544131;592.35002;,
   -228.974208;-39.265574;592.39091;,
   -212.056051;-37.417840;557.81882;,
   -323.000371;-44.176650;765.00000;,
   -303.125914;-42.001098;730.43411;,
   -284.628301;-40.887018;695.90285;,
   -266.130714;-39.772934;661.37158;,
   -247.633152;-38.658851;626.84032;,
   -229.135565;-37.544768;592.30906;,
   -321.623450;-43.115181;764.96531;,
   -210.638003;-36.430688;557.77786;,
   -192.140429;-35.316605;523.24659;,
   -193.566669;-36.291549;523.28755;,
   -173.642842;-34.202522;488.71530;,
   -175.077274;-35.165258;488.75629;,
   -155.145280;-33.088438;454.18406;,
   -156.587904;-34.038966;454.22502;,
   -136.647680;-31.974358;419.652813;,
   -138.098496;-32.912669;419.693798;,
   -210.491315;-38.152336;557.85971;,
   -192.008410;-37.039104;523.32848;,
   -173.525491;-35.925869;488.79725;,
   -155.042586;-34.812630;454.26598;,
   -136.559667;-33.699395;419.734733;,
   -119.609152;-31.786384;385.162547;,
   -118.150131;-30.860275;385.121562;,
   -99.652538;-29.746192;350.590310;,
   -101.119750;-30.660086;350.631296;,
   -81.154970;-28.632112;316.059059;,
   -82.630381;-29.533798;316.100045;,
   -62.657395;-27.518029;281.527808;,
   -64.141005;-28.407507;281.568794;,
   -44.159824;-26.403947;246.996582;,
   -45.651632;-27.281216;247.037542;,
   -118.076787;-32.586163;385.203482;,
   -99.593862;-31.472925;350.672282;,
   -81.110963;-30.359690;316.141030;,
   -62.628058;-29.246451;281.609779;,
   -44.145158;-28.133216;247.078502;,
   -25.662246;-25.289867;212.465331;,
   -27.162246;-26.154925;212.506291;,
   -25.662246;-27.019981;212.547238;,
   28.179782;26.482757;212.487424;,
   24.849930;26.631547;213.288730;,
   28.128506;26.091749;213.053146;,
   25.119274;26.226270;213.777318;,
   18.072106;3.203639;161.452006;,
   23.816072;-13.151892;189.964262;,
   18.012499;2.479475;161.220493;,
   23.778246;-13.852053;189.743718;,
   28.283603;-25.872859;212.140454;,
   28.262714;-26.554352;211.928435;,
   13.967853;3.361405;162.013210;,
   13.908294;2.637806;161.781926;,
   19.867581;-13.178558;190.727603;,
   19.825771;-13.877520;190.417178;,
   24.456258;-26.042973;213.061030;,
   24.428253;-26.722774;212.689024;,
   -197.046182;87.172205;557.83373;,
   -197.779622;85.608678;557.80378;,
   -214.221197;93.222336;592.36499;,
   -214.941363;91.652435;592.33504;,
   -231.396147;99.272493;626.89626;,
   -232.103117;97.696192;626.86624;,
   -248.571162;105.322618;661.42752;,
   -249.264845;103.739955;661.39750;,
   -265.746176;111.372749;695.95872;,
   -266.426598;109.783731;695.92877;,
   -282.921139;117.422886;730.48998;,
   -283.588326;115.827482;730.46003;,
   -300.105549;123.478733;765.01267;,
   -300.754790;121.873152;764.98733;,
   -111.171226;56.921542;385.177523;,
   -111.970906;55.389875;385.147520;,
   -128.346227;62.971680;419.708774;,
   -129.132646;61.433638;419.678771;,
   -145.521190;69.021805;454.24003;,
   -146.294400;67.477402;454.21002;,
   -162.696218;75.071936;488.77126;,
   -163.456128;73.521171;488.74128;,
   -179.871219;81.122067;523.30250;,
   -180.617869;79.564922;523.27251;,
   -25.296286;26.670861;212.521306;,
   -26.162179;25.171085;212.491277;,
   -42.471280;32.720992;247.052621;,
   -43.323926;31.214845;247.022464;,
   -59.646266;38.771130;281.583821;,
   -60.485670;37.258611;281.553741;,
   -76.821261;44.821267;316.115072;,
   -77.647418;43.302365;316.084992;,
   -93.996243;50.871398;350.646323;,
   -94.809146;49.346118;350.616243;,
   -283.588326;115.827482;730.46003;,
   -284.637517;117.204301;730.47501;,
   -300.754790;121.873152;764.98733;,
   -267.463552;111.168742;695.94381;,
   -266.426598;109.783731;695.92877;,
   -250.289613;105.133178;661.41254;,
   -249.264845;103.739955;661.39750;,
   -233.115699;99.097658;626.88128;,
   -232.103117;97.696192;626.86624;,
   -215.941709;93.062074;592.35002;,
   -214.941363;91.652435;592.33504;,
   -198.767782;87.026522;557.81882;,
   -301.818906;123.242970;765.00000;,
   -282.921139;117.422886;730.48998;,
   -265.746176;111.372749;695.95872;,
   -248.571162;105.322618;661.42752;,
   -231.396147;99.272493;626.89626;,
   -214.221197;93.222336;592.36499;,
   -300.105549;123.478733;765.01267;,
   -197.046182;87.172205;557.83373;,
   -179.871219;81.122067;523.30250;,
   -181.593830;80.990976;523.28755;,
   -162.696218;75.071936;488.77126;,
   -164.419866;74.955424;488.75629;,
   -145.521190;69.021805;454.24003;,
   -147.245939;68.919866;454.22502;,
   -128.346227;62.971680;419.708774;,
   -130.071974;62.884307;419.693798;,
   -197.779622;85.608678;557.80378;,
   -180.617869;79.564922;523.27251;,
   -163.456128;73.521171;488.74128;,
   -146.294400;67.477402;454.21002;,
   -129.132646;61.433638;419.678771;,
   -112.898010;56.848755;385.162547;,
   -111.171226;56.921542;385.177523;,
   -93.996243;50.871398;350.646323;,
   -95.724058;50.813197;350.631296;,
   -76.821261;44.821267;316.115072;,
   -78.550118;44.777642;316.100045;,
   -59.646266;38.771130;281.583821;,
   -61.376173;38.742080;281.568794;,
   -42.471280;32.720992;247.052621;,
   -44.202221;32.706531;247.037542;,
   -111.970906;55.389875;385.147520;,
   -94.809146;49.346118;350.616243;,
   -77.647418;43.302365;316.084992;,
   -60.485670;37.258611;281.553741;,
   -43.323926;31.214845;247.022464;,
   -25.296286;26.670861;212.521306;,
   -27.028269;26.670973;212.506291;,
   -26.162179;25.171085;212.491277;,
   13.967853;3.361405;162.013210;,
   19.867581;-13.178558;190.727603;,
   18.072106;3.203639;161.452006;,
   23.816072;-13.151892;189.964262;,
