xof 0303txt 0032
template ColorRGBA {
 <35ff44e0-6c7c-11cf-8f52-0040333594a3>
 FLOAT red;
 FLOAT green;
 FLOAT blue;
 FLOAT alpha;
}

template ColorRGB {
 <d3e16e81-7835-11cf-8f52-0040333594a3>
 FLOAT red;
 FLOAT green;
 FLOAT blue;
}

template Material {
 <3d82ab4d-62da-11cf-ab39-0020af71e433>
 ColorRGBA faceColor;
 FLOAT power;
 ColorRGB specularColor;
 ColorRGB emissiveColor;
 [...]
}

template TextureFilename {
 <a42790e1-7810-11cf-8f52-0040333594a3>
 STRING filename;
}

template Frame {
 <3d82ab46-62da-11cf-ab39-0020af71e433>
 [...]
}

template Matrix4x4 {
 <f6f23f45-7686-11cf-8f52-0040333594a3>
 array FLOAT matrix[16];
}

template FrameTransformMatrix {
 <f6f23f41-7686-11cf-8f52-0040333594a3>
 Matrix4x4 frameMatrix;
}

template Vector {
 <3d82ab5e-62da-11cf-ab39-0020af71e433>
 FLOAT x;
 FLOAT y;
 FLOAT z;
}

template MeshFace {
 <3d82ab5f-62da-11cf-ab39-0020af71e433>
 DWORD nFaceVertexIndices;
 array DWORD faceVertexIndices[nFaceVertexIndices];
}

template Mesh {
 <3d82ab44-62da-11cf-ab39-0020af71e433>
 DWORD nVertices;
 array Vector vertices[nVertices];
 DWORD nFaces;
 array MeshFace faces[nFaces];
 [...]
}

template MeshMaterialList {
 <f6f23f42-7686-11cf-8f52-0040333594a3>
 DWORD nMaterials;
 DWORD nFaceIndexes;
 array DWORD faceIndexes[nFaceIndexes];
 [Material <3d82ab4d-62da-11cf-ab39-0020af71e433>]
}

template VertexElement {
 <f752461c-1e23-48f6-b9f8-8350850f336f>
 DWORD Type;
 DWORD Method;
 DWORD Usage;
 DWORD UsageIndex;
}

template DeclData {
 <bf22e553-292c-4781-9fea-62bd554bdd93>
 DWORD nElements;
 array VertexElement Elements[nElements];
 DWORD nDWords;
 array DWORD data[nDWords];
}

template XSkinMeshHeader {
 <3cf169ce-ff7c-44ab-93c0-f78f62d172e2>
 WORD nMaxSkinWeightsPerVertex;
 WORD nMaxSkinWeightsPerFace;
 WORD nBones;
}

template SkinWeights {
 <6f0d123b-bad2-4167-a0d0-80224f25fabb>
 STRING transformNodeName;
 DWORD nWeights;
 array DWORD vertexIndices[nWeights];
 array FLOAT weights[nWeights];
 Matrix4x4 matrixOffset;
}

template AnimTicksPerSecond {
 <9e415a43-7ba6-4a73-8743-b73d47e88476>
 DWORD AnimTicksPerSecond;
}

template Animation {
 <3d82ab4f-62da-11cf-ab39-0020af71e433>
 [...]
}

template AnimationSet {
 <3d82ab50-62da-11cf-ab39-0020af71e433>
 [Animation <3d82ab4f-62da-11cf-ab39-0020af71e433>]
}

template FloatKeys {
 <10dd46a9-775b-11cf-8f52-0040333594a3>
 DWORD nValues;
 array FLOAT values[nValues];
}

template TimedFloatKeys {
 <f406b180-7b3b-11cf-8f52-0040333594a3>
 DWORD time;
 FloatKeys tfkeys;
}

template AnimationKey {
 <10dd46a8-775b-11cf-8f52-0040333594a3>
 DWORD keyType;
 DWORD nKeys;
 array TimedFloatKeys keys[nKeys];
}


Material Material__55 {
 1.000000;1.000000;1.000000;1.000000;;
 10.000000;
 0.000000;0.000000;0.000000;;
 0.000000;0.000000;0.000000;;

 TextureFilename {
  "US_Infantry_Body_CM.tga";
 }
}

Material Material__57 {
 1.000000;1.000000;1.000000;1.000000;;
 10.000000;
 0.000000;0.000000;0.000000;;
 0.000000;0.000000;0.000000;;

 TextureFilename {
  "US_Beau_Head_Normal_CM.tga";
 }
}

Material Material__56 {
 1.000000;1.000000;1.000000;1.000000;;
 10.000000;
 0.000000;0.000000;0.000000;;
 0.000000;0.000000;0.000000;;

 TextureFilename {
  "US_SoldierAirborne_Base_CM.tga";
 }
}

Frame SceneRoot {
 

 FrameTransformMatrix {
  1.000000,0.000000,0.000000,0.000000,0.000000,1.000000,0.000000,0.000000,0.000000,0.000000,1.000000,0.000000,0.000000,0.000000,0.000000,1.000000;;
 }

 Frame Root {
  

  FrameTransformMatrix {
   1.000000,0.000000,0.000000,0.000000,0.000000,1.000000,0.000000,0.000000,0.000000,0.000000,1.000000,0.000000,0.000000,0.000000,0.000000,1.000000;;
  }

  Frame Hips {
   

   FrameTransformMatrix {
    0.615259,0.786446,0.054406,0.000000,-0.780789,0.598404,0.179671,0.000000,0.108745,-0.153024,0.982221,0.000000,0.000000,0.000000,98.111302,1.000000;;
   }

   Frame Spine {
    

    FrameTransformMatrix {
     0.999910,0.003157,0.013049,0.000000,-0.001226,0.989366,-0.145441,0.000000,-0.013370,0.145412,0.989281,0.000000,-0.000000,0.000000,7.461982,1.000000;;
    }

    Frame Spine1 {
     

     FrameTransformMatrix {
      0.999914,0.004844,0.012178,0.000000,-0.003692,0.995670,-0.092883,0.000000,-0.012575,0.092830,0.995602,0.000000,0.000001,-1.066000,9.860497,1.000000;;
     }

     Frame Spine2 {
      

      FrameTransformMatrix {
       0.999913,0.003403,0.012734,0.000000,-0.002206,0.995675,-0.092875,0.000000,-0.012995,0.092839,0.995596,0.000000,0.000000,-1.066000,8.794518,1.000000;;
      }

      Frame Neck {
       

       FrameTransformMatrix {
        0.964857,-0.261997,-0.020220,0.000000,0.183371,0.616186,0.765958,0.000000,-0.188219,-0.742747,0.642573,0.000000,0.000000,-3.464500,29.847990,1.000000;;
       }

       Frame Neck1 {
        

        FrameTransformMatrix {
         0.923412,-0.368087,-0.108730,0.000000,0.378867,0.919498,0.104802,0.000000,0.061401,-0.137970,0.988532,0.000000,-0.000002,1.865494,4.104103,1.000000;;
        }

        Frame Jaw {
         

         FrameTransformMatrix {
          -0.000000,0.104529,0.994522,0.000000,1.000000,-0.000000,0.000000,0.000000,0.000000,0.994522,-0.104529,0.000000,0.001675,1.805199,3.494782,1.000000;;
         }

         Frame LeftLowMouth {
          

          FrameTransformMatrix {
           1.000000,0.000000,0.000000,0.000000,-0.000000,1.000000,0.000000,0.000000,-0.000000,0.000000,1.000000,0.000000,-1.377106,1.039352,10.863472,1.000000;;
          }
         }

         Frame RightLowMouth {
          

          FrameTransformMatrix {
           1.000000,0.000000,0.000000,0.000000,-0.000000,1.000000,0.000000,0.000000,-0.000000,0.000000,1.000000,0.000000,-1.377106,-1.039349,10.863464,1.000000;;
          }
         }
        }

        Frame LeftEye {
         

         FrameTransformMatrix {
          -0.000000,0.104529,0.994522,0.000000,1.000000,-0.000000,0.000000,0.000000,0.000000,0.994522,-0.104529,0.000000,3.571102,9.330498,9.738052,1.000000;;
         }
        }

        Frame LeftInnerEyebrow {
         

         FrameTransformMatrix {
          -0.000000,0.104529,0.994522,0.000000,1.000000,-0.000000,0.000000,0.000000,0.000000,0.994522,-0.104529,0.000000,1.386612,12.535942,11.383247,1.000000;;
         }
        }

        Frame LeftMouth {
         

         FrameTransformMatrix {
          -0.000000,0.104529,0.994522,0.000000,1.000000,-0.000000,0.000000,0.000000,0.000000,0.994522,-0.104529,0.000000,3.158859,10.725365,1.632813,1.000000;;
         }
        }

        Frame LeftNose {
         

         FrameTransformMatrix {
          -0.000000,0.104529,0.994522,0.000000,1.000000,-0.000000,0.000000,0.000000,0.000000,0.994522,-0.104529,0.000000,2.078701,11.580734,5.134498,1.000000;;
         }
        }

        Frame LeftUpCheek {
         

         FrameTransformMatrix {
          -0.000000,0.104529,0.994522,0.000000,1.000000,-0.000000,0.000000,0.000000,0.000000,0.994522,-0.104529,0.000000,6.822399,8.334892,8.069923,1.000000;;
         }
        }

        Frame LeftUpEyelid {
         

         FrameTransformMatrix {
          -0.000000,0.104529,0.994522,0.000000,1.000000,-0.000000,0.000000,0.000000,0.000000,0.994522,-0.104529,0.000000,3.384022,10.659989,10.313561,1.000000;;
         }
        }

        Frame LeftUpMouth {
         

         FrameTransformMatrix {
          -0.000000,0.104529,0.994522,0.000000,1.000000,-0.000000,0.000000,0.000000,0.000000,0.994522,-0.104529,0.000000,1.065994,12.525482,2.542419,1.000000;;
         }
        }

        Frame RightEye {
         

         FrameTransformMatrix {
          -0.000000,0.104529,0.994522,0.000000,1.000000,-0.000000,0.000000,0.000000,0.000000,0.994522,-0.104529,0.000000,-3.571102,9.330490,9.738052,1.000000;;
         }
        }

        Frame RightInnerEyebrow {
         

         FrameTransformMatrix {
          -0.000000,0.104529,0.994522,0.000000,1.000000,-0.000000,0.000000,0.000000,0.000000,0.994522,-0.104529,0.000000,-1.399952,12.534439,11.386170,1.000000;;
         }
        }

        Frame RightMouth {
         

         FrameTransformMatrix {
          -0.000000,0.104529,0.994522,0.000000,1.000000,-0.000000,0.000000,0.000000,0.000000,0.994522,-0.104529,0.000000,-3.157192,10.725357,1.632813,1.000000;;
         }
        }

        Frame RightNose {
         

         FrameTransformMatrix {
          -0.000000,0.104529,0.994522,0.000000,1.000000,-0.000000,0.000000,0.000000,0.000000,0.994522,-0.104529,0.000000,-2.078709,11.580742,5.134514,1.000000;;
         }
        }

        Frame RightUpCheek {
         

         FrameTransformMatrix {
          -0.000000,0.104529,0.994522,0.000000,1.000000,-0.000000,0.000000,0.000000,0.000000,0.994522,-0.104529,0.000000,-6.822399,8.334892,8.069923,1.000000;;
         }
        }

        Frame RightUpEyelid {
         

         FrameTransformMatrix {
          -0.000000,0.104529,0.994522,0.000000,1.000000,-0.000000,0.000000,0.000000,0.000000,0.994522,-0.104529,0.000000,-3.384022,10.659981,10.313561,1.000000;;
         }
        }

        Frame RightUpMouth {
         

         FrameTransformMatrix {
          -0.000000,0.104529,0.994522,0.000000,1.000000,-0.000000,0.000000,0.000000,0.000000,0.994522,-0.104529,0.000000,-1.066002,12.525490,2.542419,1.000000;;
         }
        }

        Frame Helmet {
         

         FrameTransformMatrix {
          1.000000,0.000000,0.000000,0.000000,0.000000,1.000000,0.000000,0.000000,0.000000,0.000000,1.000000,0.000000,0.000000,-0.000008,16.500000,1.000000;;
         }
        }
       }
      }

      Frame LeftShoulder {
       

       FrameTransformMatrix {
        0.973911,0.003985,0.226895,0.000000,-0.002563,0.999975,-0.006561,0.000000,-0.226915,0.005809,0.973898,0.000000,3.731001,-2.824902,24.251526,1.000000;;
       }

       Frame LeftArm {
        

        FrameTransformMatrix {
         0.234098,0.707555,-0.666756,0.000000,0.181803,0.641856,0.744962,0.000000,0.955064,-0.295612,0.021622,0.000000,17.056000,0.554321,-7.328750,1.000000;;
        }

        Frame LeftForeArm {
         

         FrameTransformMatrix {
          0.550738,0.834678,0.000000,0.000000,-0.834678,0.550738,0.000000,0.000000,0.000000,0.000000,1.000000,0.000000,30.381005,-0.053291,0.000000,1.000000;;
         }

         Frame LeftHand {
          

          FrameTransformMatrix {
           0.941953,-0.305274,-0.139760,0.000000,0.102479,-0.134986,0.985534,0.000000,-0.319723,-0.942649,-0.095867,0.000000,29.634800,0.053284,-0.000008,1.000000;;
          }

          Frame LeftHandThumb1 {
           

           FrameTransformMatrix {
            0.750263,0.620661,-0.227784,0.000000,-0.591114,0.784044,0.189366,0.000000,0.296125,-0.007428,0.955120,0.000000,3.464500,3.198006,-1.865494,1.000000;;
           }

           Frame LeftHandThumb2 {
            

            FrameTransformMatrix {
             0.992975,0.118326,0.000000,0.000000,-0.118326,0.992975,0.000000,0.000000,0.000000,-0.000000,1.000000,0.000000,5.596504,0.000000,0.000000,1.000000;;
            }

            Frame LeftHandThumb3 {
             

             FrameTransformMatrix {
              0.982180,0.187945,0.000000,0.000000,-0.187945,0.982180,-0.000000,0.000000,-0.000000,-0.000000,1.000000,0.000000,2.984810,0.000001,-0.000015,1.000000;;
             }
            }
           }
          }

          Frame LeftHandIndex1 {
           

           FrameTransformMatrix {
            0.999964,-0.001005,-0.008438,0.000000,-0.000030,0.992549,-0.121847,0.000000,0.008498,0.121843,0.992513,0.000000,10.127006,4.157394,-0.746185,1.000000;;
           }

           Frame LeftHandIndex2 {
            

            FrameTransformMatrix {
             0.090539,-0.000000,-0.995893,0.000000,0.000000,1.000000,0.000000,0.000000,0.995893,0.000000,0.090539,0.000000,3.582203,0.000008,0.000008,1.000000;;
            }

            Frame LeftHandIndex3 {
             

             FrameTransformMatrix {
              0.662019,0.000000,-0.749487,0.000000,-0.000000,1.000000,0.000000,0.000000,0.749487,-0.000000,0.662019,0.000000,2.675575,0.000000,0.000000,1.000000;;
             }
            }
           }
          }

          Frame LeftProp {
           

           FrameTransformMatrix {
            -0.658946,0.691462,0.296091,0.000000,0.734952,0.675655,0.057764,0.000000,-0.160114,0.255676,-0.953412,0.000000,52.113936,-50.070352,116.626035,1.000000;;
           }
          }
         }

         Frame LeftForeArmRoll {
          

          FrameTransformMatrix {
           1.000000,0.000000,-0.000000,0.000000,0.000000,-0.101208,0.994865,0.000000,0.000000,-0.994866,-0.101208,0.000000,14.817402,0.026665,-0.000008,1.000000;;
          }
         }
        }
       }
      }

      Frame RightShoulder {
       

       FrameTransformMatrix {
        0.950863,-0.105348,-0.291139,0.000000,-0.100813,-0.994436,0.030577,0.000000,-0.292740,0.000275,-0.956192,0.000000,-3.731002,-2.824900,24.251466,1.000000;;
       }

       Frame RightArm {
        

        FrameTransformMatrix {
         0.185458,0.876880,-0.443493,0.000000,-0.834700,0.378737,0.399792,0.000000,0.518537,0.296039,0.802172,0.000000,-17.055995,-0.554319,7.328766,1.000000;;
        }

        Frame RightForeArm {
         

         FrameTransformMatrix {
          -0.035197,0.999380,0.000000,0.000000,-0.999380,-0.035197,0.000000,0.000000,0.000000,-0.000000,1.000000,0.000000,-30.380989,0.053302,0.000008,1.000000;;
         }

         Frame RightHand {
          

          FrameTransformMatrix {
           0.913153,-0.281348,-0.294949,0.000000,0.398673,0.465708,0.790048,0.000000,-0.084918,-0.839023,0.537429,0.000000,-29.634803,-0.053307,0.000008,1.000000;;
          }

          Frame RightHandThumb1 {
           

           FrameTransformMatrix {
            0.532164,0.521885,-0.666661,0.000000,-0.615408,0.779213,0.118744,0.000000,0.581442,0.347077,0.735842,0.000000,-3.464500,-3.197983,1.865499,1.000000;;
           }

           Frame RightHandThumb2 {
            

            FrameTransformMatrix {
             0.808925,-0.587912,0.000000,0.000000,0.587912,0.808925,-0.000000,0.000000,0.000000,-0.000000,1.000000,0.000000,-5.596535,0.000023,0.000195,1.000000;;
            }

            Frame RightHandThumb3 {
             

             FrameTransformMatrix {
              0.192313,-0.981334,0.000000,0.000000,0.981334,0.192313,-0.000000,0.000000,0.000000,0.000000,1.000000,0.000000,-2.984768,-0.000038,-0.000462,1.000000;;
             }
            }
           }
          }

          Frame RightHandIndex1 {
           

           FrameTransformMatrix {
            0.975462,0.036118,-0.217187,0.000000,-0.060899,0.992228,-0.108511,0.000000,0.211580,0.119075,0.970080,0.000000,-10.127001,-4.157410,0.746201,1.000000;;
           }

           Frame RightHandIndex2 {
            

            FrameTransformMatrix {
             0.965590,-0.000000,-0.260070,0.000000,-0.000000,1.000000,0.000000,0.000000,0.260071,-0.000000,0.965590,0.000000,-3.582192,0.000031,0.000000,1.000000;;
            }

            Frame RightHandIndex3 {
             

             FrameTransformMatrix {
              0.965590,0.000000,-0.260071,0.000000,0.000000,1.000000,0.000000,0.000000,0.260071,0.000000,0.965590,0.000000,-2.675554,-0.000015,0.000000,1.000000;;
             }
            }
           }
          }

          Frame RightProp {
           

           FrameTransformMatrix {
            -0.241789,-0.023729,0.970039,0.000000,-0.966186,-0.086397,-0.242942,0.000000,0.089573,-0.995978,-0.002037,0.000000,-9.768816,-2.874146,4.382147,1.000000;;
           }
          }
         }

         Frame RightForeArmRoll {
          

          FrameTransformMatrix {
           1.000000,0.000000,-0.000000,0.000000,0.000000,0.539385,0.842059,0.000000,-0.000000,-0.842059,0.539385,0.000000,-14.817400,-0.026657,0.000008,1.000000;;
          }
         }
        }
       }
      }
     }
    }
   }

   Frame LeftUpLeg {
    

    FrameTransformMatrix {
     0.912365,-0.328279,0.244589,0.000000,0.227699,0.903452,0.363219,0.000000,-0.340211,-0.275696,0.899026,0.000000,11.459502,0.373102,-4.530518,1.000000;;
    }

    Frame LeftLeg {
     

     FrameTransformMatrix {
      1.000000,-0.000000,0.000000,0.000000,0.000000,0.545109,-0.838366,0.000000,0.000000,0.838366,0.545109,0.000000,0.000000,0.692905,-48.769501,1.000000;;
     }

     Frame LeftFoot {
      

      FrameTransformMatrix {
       0.932824,-0.327854,-0.149504,0.000000,0.354582,0.909030,0.218945,0.000000,0.064122,-0.257248,0.964216,0.000000,0.000004,-1.065994,-45.837997,1.000000;;
      }

      Frame LeftToeBase {
       

       FrameTransformMatrix {
        1.000000,-0.000000,-0.000000,0.000000,0.000000,1.000000,-0.000006,0.000000,0.000000,0.000006,1.000000,0.000000,-0.000002,13.857998,-11.725997,1.000000;;
       }
      }
     }
    }
   }

   Frame RightUpLeg {
    

    FrameTransformMatrix {
     0.881878,0.050578,-0.468756,0.000000,-0.064153,0.997855,-0.013025,0.000000,0.467092,0.041558,0.883232,0.000000,-11.459502,0.373104,-4.530502,1.000000;;
    }

    Frame RightLeg {
     

     FrameTransformMatrix {
      1.000000,0.000000,0.000000,0.000000,-0.000000,0.810243,-0.586094,0.000000,0.000000,0.586094,0.810243,0.000000,-0.000004,0.692902,-48.769501,1.000000;;
     }

     Frame RightFoot {
      

      FrameTransformMatrix {
       0.948052,0.303202,-0.096264,0.000000,-0.262147,0.916049,0.303534,0.000000,0.180214,-0.262531,0.947946,0.000000,0.000004,-1.066001,-45.838000,1.000000;;
      }

      Frame RightToeBase {
       

       FrameTransformMatrix {
        1.000000,0.000000,0.000000,0.000000,-0.000000,1.000000,0.000001,0.000000,0.000000,-0.000001,1.000000,0.000000,0.000000,13.857998,-11.726000,1.000000;;
       }
      }
     }
    }
   }
  }

  Frame Anchor {
   

   FrameTransformMatrix {
    1.000000,0.000000,0.000000,0.000000,0.000000,1.000000,0.000000,0.000000,0.000000,0.000000,1.000000,0.000000,0.000000,-3.198000,0.000000,1.000000;;
   }
  }
 }

 Frame US_SoldierAirborne_rigged {
  

  FrameTransformMatrix {
   1.000000,0.000000,0.000000,0.000000,0.000000,1.000000,0.000000,0.000000,0.000000,0.000000,1.000000,0.000000,0.000000,0.000000,0.000000,1.000000;;
  }

  Mesh US_SoldierAirborne_rigged {
   4474;
   -38.170070;56.326739;148.114726;,
   -37.300822;56.508582;147.412288;,
   -38.321757;56.400762;148.039744;,
   -34.675850;62.311328;148.463910;,
   -34.080304;63.170573;147.979162;,
   -34.516067;62.975718;147.905946;,
   -34.377533;62.129530;148.707571;,
   -34.377533;62.129530;148.707571;,
   -34.520090;62.015757;148.936755;,
   -34.916035;62.219872;148.512845;,
   -34.361325;61.038694;149.323750;,
   -33.964371;61.767021;148.755533;,
   -33.964371;61.767021;148.755533;,
   -34.001725;61.984083;148.633741;,
   -33.501744;62.899782;148.161626;,
   -33.362518;62.861894;147.648845;,
   -33.932198;63.124928;147.468480;,
   -34.585379;62.801459;147.472806;,
   -34.516067;62.975718;147.905946;,
   -34.585379;62.801459;147.472806;,
   -35.529568;61.468218;148.047027;,
   -33.909738;60.750906;148.520794;,
   -33.272486;62.188205;147.854899;,
   -33.401152;62.436627;148.232051;,
   -36.152371;57.911744;150.001754;,
   -37.108678;58.281542;149.765402;,
   -36.634342;56.959104;149.733197;,
   -36.748707;59.145376;149.599091;,
   -35.651437;58.604096;149.859213;,
   -34.934448;60.180064;149.635469;,
   -34.812666;58.888736;148.908390;,
   -34.399133;60.359872;149.285299;,
   -34.207907;60.111302;148.772160;,
   -33.909738;60.750906;148.520794;,
   -33.964371;61.767021;148.755533;,
   -35.529568;61.468218;148.047027;,
   -35.392944;61.554854;149.026048;,
   -34.755469;60.740435;149.515123;,
   -35.863357;60.676941;149.393229;,
   -36.594243;59.752051;148.404378;,
   -35.491120;61.081594;149.315699;,
   -35.811002;61.070771;148.877286;,
   -35.871558;60.991078;148.268774;,
   -37.427302;58.519309;149.265421;,
   -37.237811;58.482099;148.257741;,
   -37.689091;57.434381;148.213888;,
   -37.568886;57.355398;149.201830;,
   -38.170070;56.326739;148.114726;,
   -38.639459;55.189478;148.943386;,
   -39.258240;55.505498;148.784627;,
   -39.245990;53.817722;148.963776;,
   -39.806109;54.066938;148.823283;,
   -40.147651;55.033939;149.044262;,
   -37.389274;57.266592;149.552678;,
   -38.116944;55.726054;149.441472;,
   -40.834118;52.570115;148.608000;,
   -39.795651;52.115434;148.750400;,
   -38.682528;54.409370;149.391949;,
   -38.368771;55.285779;149.618240;,
   -37.297110;55.373050;149.654541;,
   -37.797062;51.242240;148.741261;,
   -37.828454;54.018099;149.571200;,
   -37.576707;54.945075;149.809920;,
   -36.173293;56.766176;149.592640;,
   -37.027917;54.749914;149.320358;,
   -37.147923;53.038339;148.985830;,
   -36.648288;50.514102;147.575680;,
   -39.381786;48.538166;147.614733;,
   -36.756077;49.524310;147.134413;,
   -35.446778;51.393978;147.322803;,
   -33.934979;52.791526;146.401229;,
   -34.802826;53.308490;146.980723;,
   -35.269667;52.326819;147.312730;,
   -34.015750;52.031946;146.517440;,
   -35.868198;51.731968;147.685030;,
   -35.839498;52.800323;147.488768;,
   -36.310947;53.790835;148.078694;,
   -36.028768;55.087251;148.493107;,
   -33.923194;53.315715;145.091456;,
   -33.379002;54.631469;145.483891;,
   -33.416858;54.279949;146.645350;,
   -33.032355;55.139232;145.545101;,
   -34.428810;51.022464;146.394266;,
   -34.011146;52.822205;144.749414;,
   -34.850458;54.023398;145.061274;,
   -34.282045;55.231245;145.315571;,
   -33.707642;55.796653;145.279718;,
   -33.271968;56.415744;145.481357;,
   -35.674848;53.310998;144.583373;,
   -34.694813;51.555728;144.291469;,
   -36.735190;52.333677;144.013773;,
   -36.095626;53.485107;146.684864;,
   -35.674848;53.310998;144.583373;,
   -42.918950;46.526762;146.809126;,
   -40.230029;46.009571;146.323123;,
   -36.413619;48.309718;146.105280;,
   -36.547245;48.515859;144.400461;,
   -38.122432;48.929027;143.343744;,
   -34.694813;51.555728;144.291469;,
   -38.817968;51.683875;144.005427;,
   -39.689741;46.303984;144.870810;,
   -39.977069;48.551488;143.113421;,
   -41.187485;47.434726;142.920474;,
   -41.064285;49.089267;143.333517;,
   -42.714122;47.943914;141.847821;,
   -42.565322;49.892979;141.571917;,
   -43.780886;50.401747;141.064166;,
   -44.499085;48.407638;141.843507;,
   -40.689443;51.751245;144.585357;,
   -42.097030;53.542240;142.311130;,
   -43.405843;53.850682;141.660544;,
   -44.948768;54.229926;143.022490;,
   -45.621299;50.646874;142.903309;,
   -45.546739;48.107456;143.479654;,
   -43.112118;56.387437;142.718515;,
   -44.121488;56.423520;143.389542;,
   -43.523514;57.941363;143.659174;,
   -40.020746;55.441517;145.679411;,
   -41.519360;55.987110;144.233907;,
   -42.397674;57.987597;143.471142;,
   -43.123424;58.829299;143.684915;,
   -39.968003;57.735693;145.814656;,
   -39.678720;58.310771;145.771955;,
   -40.522432;58.708006;145.014208;,
   -39.444893;59.534432;146.143642;,
   -40.936371;57.917235;145.009562;,
   -41.779590;58.034656;144.260774;,
   -42.166259;58.470259;143.400346;,
   -42.852781;59.594074;143.692928;,
   -42.081306;59.230810;143.689856;,
   -40.192851;59.906861;145.497101;,
   -42.277171;57.817920;145.290522;,
   -42.096694;57.791021;145.457677;,
   -42.096694;57.791021;145.457677;,
   -41.524458;59.041530;145.572672;,
   -41.144330;60.318630;145.838413;,
   -39.459210;61.027770;145.212774;,
   -38.698570;60.690733;145.885837;,
   -40.221222;61.592768;145.614374;,
   -39.524838;62.668499;145.191450;,
   -36.416787;63.309786;144.552333;,
   -36.734493;63.094394;144.086208;,
   -36.487571;63.883840;144.040141;,
   -37.510483;62.201363;144.938765;,
   -37.477686;62.581094;145.820864;,
   -38.272672;61.676192;145.626688;,
   -38.064826;62.024416;146.414093;,
   -38.739898;60.958093;146.872768;,
   -39.392835;59.440557;147.014963;,
   -38.928128;61.951930;145.157184;,
   -38.229386;62.490355;144.359603;,
   -37.248349;63.280122;143.694029;,
   -38.855523;63.144499;144.710758;,
   -37.641024;63.751104;143.624038;,
   -36.952314;64.050285;143.692621;,
   -34.957085;61.159392;147.404672;,
   -34.196602;62.401869;147.129549;,
   -34.152208;60.802970;147.638861;,
   -33.571469;62.112154;147.281139;,
   -33.272486;62.188205;147.854899;,
   -33.362518;62.861894;147.648845;,
   -33.932198;63.124928;147.468480;,
   -34.585379;62.801459;147.472806;,
   -35.529568;61.468218;148.047027;,
   -35.871558;60.991078;148.268774;,
   -36.594243;59.752051;148.404378;,
   -35.995850;59.411219;147.639040;,
   -37.237811;58.482099;148.257741;,
   -35.313341;60.555014;147.727526;,
   -34.562717;60.155930;147.952499;,
   -34.207907;60.111302;148.772160;,
   -33.909738;60.750906;148.520794;,
   -36.483277;58.488666;147.827200;,
   -35.530518;58.095072;148.055181;,
   -35.786496;56.899962;147.610074;,
   -35.049718;58.950010;147.892506;,
   -34.812666;58.888736;148.908390;,
   -35.213261;57.718131;149.036928;,
   -35.573414;56.584294;148.699392;,
   -36.222038;55.752006;147.650086;,
   -36.028768;55.087251;148.493107;,
   -36.324502;54.292307;147.234189;,
   -36.310947;53.790835;148.078694;,
   -35.839498;52.800323;147.488768;,
   -38.594227;53.344022;145.681485;,
   -38.277670;55.285062;146.454694;,
   -37.300822;56.508582;147.412288;,
   -36.828150;57.318304;147.396877;,
   -38.170070;56.326739;148.114726;,
   -37.689091;57.434381;148.213888;,
   -39.391664;59.957254;147.320934;,
   -38.513878;59.621325;146.884851;,
   -38.893754;58.346854;146.382528;,
   -37.833747;57.944486;146.905626;,
   -39.375731;57.555654;146.215872;,
   -38.159290;57.036653;146.839206;,
   -38.321757;56.400762;148.039744;,
   -40.356147;57.223859;147.053440;,
   -39.835446;58.631475;147.289600;,
   -40.510707;57.296198;146.973312;,
   -40.356147;57.223859;147.053440;,
   -39.930781;58.298029;146.993280;,
   -40.510707;57.296198;146.973312;,
   -42.918950;46.526762;146.809126;,
   -40.230029;46.009571;146.323123;,
   -42.918950;46.526762;146.809126;,
   -40.230029;46.009571;146.323123;,
   -39.689741;46.303984;144.870810;,
   -41.187485;47.434726;142.920474;,
   -39.689741;46.303984;144.870810;,
   -41.187485;47.434726;142.920474;,
   37.537824;54.966560;149.843520;,
   37.258435;55.394560;149.688358;,
   37.789418;54.039584;149.604634;,
   39.756573;52.136909;148.783782;,
   38.643491;54.430848;149.425382;,
   38.329891;55.307277;149.651840;,
   38.078266;55.747571;149.475302;,
   37.350586;57.288102;149.586496;,
   38.600451;55.210950;148.976870;,
   37.530202;57.376922;149.235661;,
   39.206918;53.839194;148.997158;,
   36.595654;56.980614;149.767014;,
   36.134602;56.787680;149.626470;,
   36.113686;57.933261;150.035584;,
   37.069994;58.303059;149.799206;,
   37.388627;58.540819;149.299238;,
   37.650413;57.455898;148.247693;,
   38.130992;56.348218;148.148122;,
   39.219165;55.526976;148.818010;,
   37.199123;58.503610;148.291571;,
   36.555562;59.773562;148.438208;,
   36.710013;59.166880;149.632909;,
   35.452432;61.103098;149.349517;,
   35.772314;61.092275;148.911104;,
   35.354262;61.576378;149.059866;,
   35.490883;61.489722;148.080845;,
   35.832874;61.012576;148.302592;,
   35.824675;60.698458;149.427059;,
   35.612752;58.625606;149.893030;,
   35.597622;57.682054;149.770880;,
   35.990083;55.108755;148.526912;,
   35.534746;56.605824;148.733210;,
   35.174582;57.739654;149.070746;,
   34.773987;58.910246;148.942195;,
   34.895766;60.201587;149.669286;,
   34.716784;60.761933;149.548941;,
   33.463056;62.921286;148.195430;,
   34.041610;63.192077;148.012966;,
   33.323834;62.883405;147.682675;,
   33.893510;63.146438;147.502285;,
   34.477379;62.997229;147.939763;,
   34.546704;62.822970;147.506624;,
   34.877341;62.241370;148.546662;,
   34.481405;62.037267;148.970560;,
   34.322637;61.060205;149.357581;,
   34.360442;60.381382;149.319104;,
   34.169229;60.132806;148.805965;,
   33.871056;60.772416;148.554624;,
   33.925686;61.788531;148.789350;,
   33.963037;62.005587;148.667558;,
   34.338842;62.151034;148.741376;,
   33.362467;62.458144;148.265869;,
   33.233808;62.209722;147.888730;,
   34.637168;62.332845;148.497728;,
   41.160000;60.390778;144.882675;,
   40.865139;59.965613;144.085043;,
   41.676538;59.372006;145.206630;,
   40.709702;61.199699;144.583219;,
   40.643930;60.801286;143.950502;,
   40.248195;61.651277;144.309222;,
   40.001587;61.281549;143.604147;,
   39.605107;62.261018;143.688371;,
   39.641520;62.118707;143.213786;,
   39.652230;62.738394;143.260941;,
   41.053194;60.895469;143.428454;,
   41.406160;60.118202;143.379238;,
   40.506538;61.375725;143.027558;,
   39.998234;62.150982;142.821133;,
   39.984816;62.760819;142.911373;,
   40.435581;62.342586;142.769318;,
   41.183178;61.808115;143.187520;,
   41.599565;61.397299;143.462157;,
   42.141469;60.683770;143.562304;,
   42.813370;59.615514;143.725952;,
   42.041901;59.252250;143.722867;,
   42.126842;58.491693;143.433382;,
   41.466739;58.437997;144.268326;,
   41.524461;59.154106;144.389683;,
   43.084019;58.850739;143.717939;,
   43.484394;57.962842;143.692518;,
   42.358314;58.009043;143.504230;,
   41.740230;58.056096;144.293850;,
   41.869584;58.548064;145.180480;,
   42.238038;57.839386;145.323866;,
   41.480285;56.008589;144.267290;,
   40.897376;57.938714;145.043046;,
   42.057725;57.812512;145.491174;,
   42.238038;57.839386;145.323866;,
   42.057725;57.812512;145.491174;,
   41.485485;59.063008;145.606182;,
   40.483459;58.729491;145.047718;,
   41.105357;60.340115;145.871923;,
   39.929011;57.757178;145.848128;,
   39.981667;55.462995;145.712794;,
   42.057952;53.563718;142.344512;,
   40.650365;51.772720;144.618739;,
   41.025206;49.110746;143.366899;,
   39.937994;48.572963;143.146803;,
   41.148406;47.456189;142.953843;,
   39.639750;58.332262;145.805466;,
   40.153885;59.928352;145.530611;,
   39.405914;59.555910;146.177152;,
   39.353866;59.462042;147.048474;,
   39.891808;58.319494;147.026790;,
   40.471734;57.317670;147.006822;,
   37.471507;62.222842;144.972275;,
   38.233702;61.697683;145.660198;,
   37.438714;62.602573;145.854374;,
   38.025856;62.045888;146.447603;,
   38.659603;60.712224;145.919347;,
   38.700925;60.979571;146.906278;,
   39.420240;61.049254;145.246272;,
   40.182250;61.614253;145.647885;,
   39.485869;62.689990;145.224960;,
   38.889149;61.973408;145.190694;,
   38.190410;62.511834;144.393114;,
   37.209376;63.301606;143.727539;,
   36.695523;63.115878;144.119718;,
   38.816550;63.165978;144.744269;,
   37.602054;63.772589;143.657549;,
   36.913338;64.071763;143.726131;,
   36.448598;63.905318;144.073651;,
   36.377824;63.331277;144.585843;,
   44.460006;48.429110;141.876890;,
   45.488355;50.512240;142.927245;,
   45.507661;48.128934;143.513050;,
   43.741811;50.423226;141.097549;,
   44.909696;54.251398;143.055872;,
   43.366768;53.872160;141.693926;,
   44.082410;56.444998;143.422925;,
   43.073043;56.408915;142.751910;,
   42.526250;49.914454;141.605299;,
   42.675050;47.965373;141.881190;,
   43.312256;44.475354;139.807936;,
   45.028634;44.597965;139.777638;,
   46.023034;43.812310;141.151565;,
   41.677693;43.692355;140.887309;,
   40.449075;42.578048;142.566285;,
   39.724019;46.447450;144.911539;,
   40.227088;46.091149;146.360141;,
   41.130829;41.956755;143.649280;,
   43.635261;42.072682;143.699443;,
   42.879869;46.548256;146.842509;,
   45.531411;42.837814;142.664064;,
   44.754918;47.331098;145.803469;,
   45.507661;48.128934;143.513050;,
   45.273686;51.116278;144.949235;,
   46.023034;43.812310;141.151565;,
   36.373738;48.330166;146.138368;,
   36.716198;49.544758;147.167501;,
   34.388931;51.042915;146.427354;,
   39.341907;48.558608;147.647795;,
   42.425008;50.075629;147.701235;,
   44.010458;50.791293;146.767590;,
   44.764301;52.095901;145.674048;,
   44.460381;53.996493;145.603315;,
   44.292358;52.007334;146.217523;,
   43.955021;56.792314;145.631770;,
   44.394685;56.906477;145.158208;,
   43.672845;53.786861;146.592243;,
   42.984746;56.365325;147.052275;,
   43.071456;53.504243;147.472230;,
   43.403651;55.512115;146.465075;,
   43.713722;55.701293;146.046042;,
   43.490944;57.113152;145.757312;,
   44.257645;57.338573;144.840384;,
   44.479565;56.282899;144.421235;,
   44.942432;54.057203;144.844890;,
   45.488355;50.512240;142.927245;,
   45.507661;48.128934;143.513050;,
   44.909696;54.251398;143.055872;,
   44.082410;56.444998;143.422925;,
   43.484394;57.962842;143.692518;,
   43.546224;59.210720;144.656973;,
   42.849571;59.044877;145.612813;,
   42.432541;59.669971;145.641843;,
   42.842026;59.859667;145.451405;,
   43.361629;59.956506;144.782682;,
   43.213910;59.845171;144.298432;,
   42.913568;60.723834;144.436314;,
   42.141469;60.683770;143.562304;,
   42.813370;59.615514;143.725952;,
   43.084019;58.850739;143.717939;,
   41.569210;62.156346;143.901389;,
   41.440906;61.910496;144.734771;,
   41.831968;61.974816;144.270016;,
   41.846525;61.809568;143.865600;,
   41.183178;61.808115;143.187520;,
   41.599565;61.397299;143.462157;,
   42.173056;61.607642;144.198080;,
   42.238723;60.490803;145.342989;,
   42.238038;57.839386;145.323866;,
   41.869584;58.548064;145.180480;,
   41.676538;59.372006;145.206630;,
   41.160000;60.390778;144.882675;,
   41.560352;61.443501;144.994842;,
   41.089907;61.648826;144.808077;,
   40.709702;61.199699;144.583219;,
   40.248195;61.651277;144.309222;,
   40.979421;62.043443;144.613696;,
   40.811344;62.543533;143.896742;,
   40.278614;62.366477;144.155827;,
   39.844605;62.578176;143.813146;,
   39.605107;62.261018;143.688371;,
   39.911046;62.955763;143.529766;,
   40.289795;62.473542;143.960141;,
   40.656205;62.572640;143.782643;,
   40.792458;62.528410;143.395059;,
   41.000042;62.449549;143.323200;,
   40.552266;62.647027;143.035494;,
   40.246979;62.980518;143.174733;,
   39.652230;62.738394;143.260941;,
   39.984816;62.760819;142.911373;,
   40.435581;62.342586;142.769318;,
   36.056134;53.506051;146.718080;,
   36.695309;52.354118;144.046861;,
   35.634966;53.331440;144.616461;,
   36.285699;54.313805;147.267878;,
   36.183357;55.773517;147.683904;,
   38.238595;55.306541;146.488077;,
   38.555149;53.365498;145.714880;,
   38.778608;51.705002;144.038707;,
   38.082554;48.949478;143.376832;,
   34.654934;51.576179;144.324557;,
   36.507373;48.536317;144.433549;,
   33.971267;52.842656;144.782502;,
   35.634966;53.331440;144.616461;,
   34.810582;54.043859;145.094362;,
   35.406899;51.414429;147.355878;,
   33.975875;52.052387;146.550502;,
   33.883315;53.336170;145.124544;,
   34.242160;55.251693;145.348646;,
   33.339114;54.651910;145.516966;,
   33.667760;55.817094;145.312806;,
   32.992477;55.159674;145.578189;,
   33.232083;56.436179;145.514432;,
   32.831824;55.522259;145.707904;,
   33.376973;54.300390;146.678438;,
   33.895101;52.811981;146.434317;,
   32.525296;56.122752;146.524058;,
   32.923306;55.204000;146.901197;,
   32.755696;56.205440;147.287334;,
   33.033885;54.781888;146.847501;,
   33.887187;55.259584;147.438374;,
   34.118006;54.728083;147.149146;,
   34.762947;53.328944;147.013811;,
   35.229789;52.347270;147.345805;,
   33.296806;55.921920;147.594534;,
   32.332794;57.318701;147.507034;,
   32.699584;56.339974;147.110029;,
   32.708832;56.538797;145.909709;,
   32.533635;56.252179;146.554381;,
   31.885939;57.492723;147.156326;,
   32.650912;57.524096;147.719898;,
   31.874298;57.617242;146.532211;,
   32.671248;56.577274;146.117798;,
   32.293843;57.589971;146.165235;,
   32.597587;57.839475;146.071283;,
   32.048230;57.976051;146.610790;,
   32.061715;57.859392;147.236301;,
   -44.981507;54.035725;144.811507;,
   -45.312765;51.094803;144.915853;,
   -44.499456;53.975014;145.569933;,
   -44.433930;56.885024;145.125005;,
   -43.994259;56.770848;145.598566;,
   -43.530349;57.091718;145.724288;,
   -43.752800;55.679814;146.012646;,
   -43.442730;55.490637;146.431693;,
   -43.711926;53.765382;146.558848;,
   -44.331437;51.985859;146.184141;,
   -44.049533;50.769818;146.734208;,
   -44.803379;52.074429;145.640653;,
   -40.336429;50.050970;148.101939;,
   -41.333859;50.621014;148.046541;,
   -42.464080;50.054154;147.667853;,
   -41.917072;52.942880;148.267110;,
   -43.110528;53.482768;147.438848;,
   -43.023805;56.343840;147.018893;,
   -42.824893;56.841542;146.397325;,
   -42.711539;57.081235;146.971738;,
   -42.367062;56.044768;147.643021;,
   -42.096630;55.067891;147.643661;,
   -41.618432;54.851642;147.937626;,
   -40.991395;55.396262;148.625690;,
   -40.935546;56.205504;147.952243;,
   -41.580051;56.503373;147.441331;,
   -41.974275;56.852691;147.572710;,
   -40.510707;57.296198;146.973312;,
   -40.637117;58.844602;147.565786;,
   -40.356147;57.223859;147.053440;,
   -39.797104;58.958470;148.300109;,
   -39.632640;58.966848;148.658458;,
   -39.267837;60.052301;148.783091;,
   -38.740294;58.614054;149.089933;,
   -38.342429;59.662976;149.224550;,
   -38.374093;58.398560;148.987546;,
   -37.738733;59.251891;149.001408;,
   -39.627626;60.035142;148.103283;,
   -39.835446;58.631475;147.289600;,
   -39.391664;59.957254;147.320934;,
   -38.428547;61.488512;146.909952;,
   -38.835530;60.983482;148.241690;,
   -37.777002;62.352358;146.318195;,
   -37.587875;62.851219;146.841600;,
   -37.130486;62.855078;145.583386;,
   -37.736694;62.582598;147.504192;,
   -37.643869;60.487059;148.802675;,
   -37.803558;57.858995;148.246323;,
   -37.363818;59.126605;148.281971;,
   -36.653245;60.745030;147.760141;,
   -36.695245;62.109760;147.997696;,
   -37.137504;63.028051;147.163226;,
   -37.000979;63.218317;146.522995;,
   -36.179059;62.194694;147.515482;,
   -36.066192;61.560454;147.138829;,
   -35.486851;62.069094;146.378970;,
   -35.320784;63.056646;146.133478;,
   -35.945251;62.713376;147.029798;,
   -36.444669;62.724486;147.466330;,
   -35.911216;63.480582;146.149018;,
   -35.363728;63.209869;145.863270;,
   -35.783290;63.485971;145.902618;,
   -36.137101;63.591942;145.493619;,
   -36.475651;63.608352;145.585536;,
   -35.949578;63.724595;144.697267;,
   -35.435037;63.867571;144.707302;,
   -34.944349;63.619936;144.941875;,
   -34.835539;63.168896;145.234995;,
   -36.103584;63.327539;144.306163;,
   -35.369587;63.525466;144.268122;,
   -34.896550;63.286214;144.495091;,
   -34.771229;62.663379;144.953830;,
   39.796374;58.652947;147.322970;,
   38.854678;58.368333;146.415910;,
   39.352586;59.978726;147.354330;,
   39.336656;57.577126;146.249254;,
   40.317075;57.245338;147.086822;,
   38.474800;59.642797;146.918246;,
   37.794675;57.965965;146.939008;,
   38.120211;57.058131;146.872589;,
   37.262141;56.530086;147.446106;,
   38.282685;56.422240;148.073139;,
   38.282685;56.422240;148.073139;,
   37.764480;57.880474;148.279706;,
   37.324742;59.148083;148.315366;,
   37.611306;59.288755;147.337459;,
   36.905718;60.336294;146.781222;,
   37.819565;60.720096;146.347443;,
   36.507792;61.286842;146.429632;,
   37.247014;61.622387;146.075315;,
   35.783699;61.798387;145.558106;,
   36.585200;62.184058;145.165888;,
   35.235866;62.459706;144.594240;,
   35.762259;62.723219;144.338854;,
   35.330509;63.546938;144.301517;,
   36.064509;63.349011;144.339558;,
   37.091408;62.876550;145.616781;,
   37.737923;62.373837;146.351578;,
   38.389469;61.509990;146.943347;,
   36.614166;60.766509;147.793536;,
   36.027114;61.581933;147.172224;,
   35.447770;62.090573;146.412352;,
   34.732150;62.684858;144.987213;,
   34.857472;63.307693;144.528474;,
   40.297350;50.072445;148.135334;,
   41.294784;50.642490;148.079923;,
   39.767034;54.088416;148.856691;,
   40.795040;52.591587;148.641382;,
   37.757779;51.263443;148.774566;,
   40.108573;55.055418;149.077658;,
   39.721008;55.994560;149.102643;,
   41.877997;52.964352;148.300493;,
   40.952320;55.417741;148.659072;,
   40.663798;56.391635;148.629210;,
   39.452227;56.509248;148.944781;,
   38.701219;58.635533;149.123315;,
   38.335018;58.420038;149.020941;,
   41.579350;54.873120;147.971021;,
   40.896470;56.226976;147.985626;,
   40.382630;56.897005;148.480742;,
   39.981526;59.768742;147.736653;,
   40.598147;58.866099;147.599283;,
   40.559222;60.144237;147.812787;,
   40.904938;59.069600;147.613402;,
   41.541002;56.524858;147.474752;,
   41.668547;57.323571;147.470669;,
