xof 0303txt 0032
template ColorRGBA {
 <35ff44e0-6c7c-11cf-8f52-0040333594a3>
 FLOAT red;
 FLOAT green;
 FLOAT blue;
 FLOAT alpha;
}

template ColorRGB {
 <d3e16e81-7835-11cf-8f52-0040333594a3>
 FLOAT red;
 FLOAT green;
 FLOAT blue;
}

template Material {
 <3d82ab4d-62da-11cf-ab39-0020af71e433>
 ColorRGBA faceColor;
 FLOAT power;
 ColorRGB specularColor;
 ColorRGB emissiveColor;
 [...]
}

template TextureFilename {
 <a42790e1-7810-11cf-8f52-0040333594a3>
 STRING filename;
}

template Frame {
 <3d82ab46-62da-11cf-ab39-0020af71e433>
 [...]
}

template Matrix4x4 {
 <f6f23f45-7686-11cf-8f52-0040333594a3>
 array FLOAT matrix[16];
}

template FrameTransformMatrix {
 <f6f23f41-7686-11cf-8f52-0040333594a3>
 Matrix4x4 frameMatrix;
}

template Vector {
 <3d82ab5e-62da-11cf-ab39-0020af71e433>
 FLOAT x;
 FLOAT y;
 FLOAT z;
}

template MeshFace {
 <3d82ab5f-62da-11cf-ab39-0020af71e433>
 DWORD nFaceVertexIndices;
 array DWORD faceVertexIndices[nFaceVertexIndices];
}

template Mesh {
 <3d82ab44-62da-11cf-ab39-0020af71e433>
 DWORD nVertices;
 array Vector vertices[nVertices];
 DWORD nFaces;
 array MeshFace faces[nFaces];
 [...]
}

template MeshMaterialList {
 <f6f23f42-7686-11cf-8f52-0040333594a3>
 DWORD nMaterials;
 DWORD nFaceIndexes;
 array DWORD faceIndexes[nFaceIndexes];
 [Material <3d82ab4d-62da-11cf-ab39-0020af71e433>]
}

template VertexElement {
 <f752461c-1e23-48f6-b9f8-8350850f336f>
 DWORD Type;
 DWORD Method;
 DWORD Usage;
 DWORD UsageIndex;
}

template DeclData {
 <bf22e553-292c-4781-9fea-62bd554bdd93>
 DWORD nElements;
 array VertexElement Elements[nElements];
 DWORD nDWords;
 array DWORD data[nDWords];
}

template XSkinMeshHeader {
 <3cf169ce-ff7c-44ab-93c0-f78f62d172e2>
 WORD nMaxSkinWeightsPerVertex;
 WORD nMaxSkinWeightsPerFace;
 WORD nBones;
}

template SkinWeights {
 <6f0d123b-bad2-4167-a0d0-80224f25fabb>
 STRING transformNodeName;
 DWORD nWeights;
 array DWORD vertexIndices[nWeights];
 array FLOAT weights[nWeights];
 Matrix4x4 matrixOffset;
}

template AnimTicksPerSecond {
 <9e415a43-7ba6-4a73-8743-b73d47e88476>
 DWORD AnimTicksPerSecond;
}

template Animation {
 <3d82ab4f-62da-11cf-ab39-0020af71e433>
 [...]
}

template AnimationSet {
 <3d82ab50-62da-11cf-ab39-0020af71e433>
 [Animation <3d82ab4f-62da-11cf-ab39-0020af71e433>]
}

template FloatKeys {
 <10dd46a9-775b-11cf-8f52-0040333594a3>
 DWORD nValues;
 array FLOAT values[nValues];
}

template TimedFloatKeys {
 <f406b180-7b3b-11cf-8f52-0040333594a3>
 DWORD time;
 FloatKeys tfkeys;
}

template AnimationKey {
 <10dd46a8-775b-11cf-8f52-0040333594a3>
 DWORD keyType;
 DWORD nKeys;
 array TimedFloatKeys keys[nKeys];
}


Material Material__61 {
 1.000000;1.000000;1.000000;1.000000;;
 10.000000;
 0.000000;0.000000;0.000000;;
 0.000000;0.000000;0.000000;;

 TextureFilename {
  "LAW_D.tga";
 }
}

Material Material__85 {
 1.000000;1.000000;1.000000;1.000000;;
 10.000000;
 0.000000;0.000000;0.000000;;
 0.000000;0.000000;0.000000;;

 TextureFilename {
  "Law_Sight_Dot_A.tga";
 }
}

Material Material__98 {
 1.000000;1.000000;1.000000;1.000000;;
 10.000000;
 0.000000;0.000000;0.000000;;
 0.000000;0.000000;0.000000;;

 TextureFilename {
  "Rocket_D.tga";
 }
}

Material Material__73 {
 1.000000;1.000000;1.000000;1.000000;;
 10.000000;
 0.000000;0.000000;0.000000;;
 0.000000;0.000000;0.000000;;

 TextureFilename {
  "hands_1stP_military_diff.tga";
 }
}

Frame SceneRoot {
 

 FrameTransformMatrix {
  1.000000,0.000000,0.000000,0.000000,0.000000,1.000000,0.000000,0.000000,0.000000,0.000000,1.000000,0.000000,0.000000,0.000000,0.000000,1.000000;;
 }

 Frame RootBone {
  

  FrameTransformMatrix {
   1.000000,0.000000,0.000000,0.000000,0.000000,1.000000,0.000000,0.000000,0.000000,0.000000,1.000000,0.000000,0.000001,0.000000,0.000000,1.000000;;
  }

  Frame Hands_Hub01 {
   

   FrameTransformMatrix {
    0.000000,1.000000,-0.000000,0.000000,0.000001,0.000000,1.000000,0.000000,1.000000,-0.000000,-0.000001,0.000000,-16.293411,-1.446245,2.690252,1.000000;;
   }

   Frame Hands_LArmCollarbone {
    

    FrameTransformMatrix {
     -0.760002,0.603670,0.240789,0.000000,-0.645494,-0.744278,-0.171429,0.000000,0.075727,-0.285714,0.955318,0.000000,0.550024,0.782969,6.584865,1.000000;;
    }

    Frame Hands_LArm1 {
     

     FrameTransformMatrix {
      0.519839,0.085868,0.849938,0.000000,0.249090,0.936465,-0.246958,0.000000,-0.817142,0.340089,0.465422,0.000000,7.387081,0.000000,0.000002,1.000000;;
     }

     Frame Hands_LArm2 {
      

      FrameTransformMatrix {
       -0.102551,-0.195210,0.975385,0.000000,0.154093,0.965601,0.209453,0.000000,-0.982720,0.171779,-0.068943,0.000000,15.749218,-0.000001,0.000001,1.000000;;
      }

      Frame Hands_LArmPalm {
       

       FrameTransformMatrix {
        0.591709,-0.793938,-0.139797,0.000000,0.138597,-0.070643,0.987826,0.000000,-0.794149,-0.603881,0.068237,0.000000,13.645371,0.000002,0.000000,1.000000;;
       }

       Frame Hands_LArmThumb1 {
        

        FrameTransformMatrix {
         0.716868,0.678226,0.161585,0.000000,-0.579672,0.708566,-0.402386,0.000000,-0.387402,0.194791,0.901097,0.000000,1.025019,0.149493,-1.053122,1.000000;;
        }

        Frame Hands_LArmThumb2 {
         

         FrameTransformMatrix {
          0.931304,-0.238033,-0.275705,0.000000,0.227333,0.971252,-0.070634,0.000000,0.284592,0.003105,0.958644,0.000000,2.997645,-0.000001,-0.000001,1.000000;;
         }

         Frame Hands_LArmThumb3 {
          

          FrameTransformMatrix {
           0.938607,-0.005556,-0.344943,0.000000,0.007562,0.999961,0.004470,0.000000,0.344905,-0.006804,0.938613,0.000000,1.568376,0.000000,-0.000001,1.000000;;
          }
         }
        }
       }

       Frame Hands_LArmFinger11 {
        

        FrameTransformMatrix {
         0.922437,0.215443,-0.320460,0.000000,-0.272590,0.951108,-0.145219,0.000000,0.273506,0.221310,0.936064,0.000000,4.651288,1.298331,-0.184425,1.000000;;
        }

        Frame Hands_LArmFinger12 {
         

         FrameTransformMatrix {
          0.929929,0.016304,-0.367377,0.000000,0.024147,0.994153,0.105243,0.000000,0.366945,-0.106740,0.924098,0.000000,1.967897,0.000001,0.000000,1.000000;;
         }

         Frame Hands_LArmFinger13 {
          

          FrameTransformMatrix {
           0.893272,-0.020197,-0.449062,0.000000,0.021866,0.999760,-0.001470,0.000000,0.448984,-0.008506,0.893499,0.000000,1.282019,0.000002,-0.000001,1.000000;;
          }
         }
        }
       }

       Frame Hands_LArmFinger21 {
        

        FrameTransformMatrix {
         0.927812,0.156213,-0.338766,0.000000,-0.163884,0.986461,0.006038,0.000000,0.335123,0.049917,0.940851,0.000000,4.644097,0.310960,0.107953,1.000000;;
        }

        Frame Hands_LArmFinger22 {
         

         FrameTransformMatrix {
          0.936271,-0.042951,-0.348644,0.000000,0.041156,0.999074,-0.012555,0.000000,0.348860,-0.002594,0.937171,0.000000,2.267686,-0.000001,0.000000,1.000000;;
         }

         Frame Hands_LArmFinger23 {
          

          FrameTransformMatrix {
           0.895322,0.038874,-0.443719,0.000000,-0.048761,0.998751,-0.010889,0.000000,0.442742,0.031385,0.896100,0.000000,1.357072,-0.000001,0.000000,1.000000;;
          }
         }
        }
       }

       Frame Hands_LArmFinger31 {
        

        FrameTransformMatrix {
         0.991076,-0.133181,-0.005662,0.000000,0.133257,0.990947,0.016352,0.000000,0.003433,-0.016960,0.999850,0.000000,0.370755,-0.194490,0.112025,1.000000;;
        }

        Frame Hands_LArmFinger32 {
         

         FrameTransformMatrix {
          0.953032,0.205237,-0.222731,0.000000,-0.171005,0.971596,0.163581,0.000000,0.249978,-0.117810,0.961058,0.000000,4.166524,-0.000002,0.000000,1.000000;;
         }

         Frame Hands_LArmFinger33 {
          

          FrameTransformMatrix {
           0.887636,0.061247,-0.456455,0.000000,-0.068006,0.997684,0.001623,0.000000,0.455497,0.029601,0.889745,0.000000,2.171415,-0.000001,-0.000000,1.000000;;
          }

          Frame Hands_LArmFinger34 {
           

           FrameTransformMatrix {
            0.954322,0.009051,-0.298643,0.000000,-0.008714,0.999959,0.002463,0.000000,0.298653,0.000252,0.954362,0.000000,1.301953,0.000001,0.000000,1.000000;;
           }
          }
         }
        }
       }

       Frame Hands_LArmFinger41 {
        

        FrameTransformMatrix {
         0.949071,-0.301639,-0.090982,0.000000,0.307962,0.949121,0.065790,0.000000,0.066508,-0.090458,0.993677,0.000000,0.379578,-0.407064,0.157656,1.000000;;
        }

        Frame Hands_LArmFinger42 {
         

         FrameTransformMatrix {
          0.960585,0.275315,-0.038446,0.000000,-0.276355,0.960733,-0.024916,0.000000,0.030077,0.034558,0.998950,0.000000,3.826998,0.000001,0.000000,1.000000;;
         }

         Frame Hands_LArmFinger43 {
          

          FrameTransformMatrix {
           0.956133,0.154371,-0.248956,0.000000,-0.157150,0.987536,0.008799,0.000000,0.247211,0.030710,0.968475,0.000000,1.617777,-0.000002,0.000000,1.000000;;
          }

          Frame Hands_LArmFinger44 {
           

           FrameTransformMatrix {
            0.971812,-0.074055,-0.223827,0.000000,0.080169,0.996613,0.018339,0.000000,0.221710,-0.035766,0.974456,0.000000,1.026681,0.000000,0.000000,1.000000;;
           }
          }
         }
        }
       }

       Frame Hands_LPalm_morph {
        

        FrameTransformMatrix {
         1.000000,0.000000,0.000000,0.000000,0.000000,1.000000,0.000000,0.000000,-0.000000,0.000000,1.000000,0.000000,-0.000004,0.000000,2.736029,1.000000;;
        }
       }
      }

      Frame Hands_Lwrist {
       

       FrameTransformMatrix {
        1.000000,0.000000,-0.000000,0.000000,0.000000,0.997541,0.070092,0.000000,0.000000,-0.070092,0.997541,0.000000,12.667583,0.000002,0.000001,1.000000;;
       }
      }

      Frame Hands_LSleeve {
       

       FrameTransformMatrix {
        1.000000,0.000000,-0.000000,0.000000,-0.000000,1.000000,-0.000000,0.000000,-0.000000,0.000000,1.000000,0.000000,11.831042,-0.149411,-0.415587,1.000000;;
       }
      }
     }
    }
   }

   Frame Hands_RArmCollarbone {
    

    FrameTransformMatrix {
     0.159766,-0.959311,-0.232801,0.000000,0.972180,0.193827,-0.131522,0.000000,0.171293,-0.205312,0.963590,0.000000,0.550025,-0.782968,6.584866,1.000000;;
    }

    Frame Hands_RArm1 {
     

     FrameTransformMatrix {
      -0.122166,-0.913518,0.388021,0.000000,0.707853,0.193848,0.679240,0.000000,-0.695715,0.357642,0.622955,0.000000,7.387083,0.000000,-0.000001,1.000000;;
     }

     Frame Hands_RArm2 {
      

      FrameTransformMatrix {
       0.505363,0.534229,0.677649,0.000000,-0.494519,0.822860,-0.279915,0.000000,-0.707149,-0.193652,0.680029,0.000000,15.749218,-0.000000,0.000000,1.000000;;
      }

      Frame Hands_RArmPalm {
       

       FrameTransformMatrix {
        0.980897,0.003893,0.194490,0.000000,0.133860,-0.738956,-0.660322,0.000000,0.141149,0.673742,-0.725361,0.000000,13.645376,0.000000,0.000002,1.000000;;
       }

       Frame Hands_RArmThumb1 {
        

        FrameTransformMatrix {
         0.766675,-0.458765,-0.449159,0.000000,0.379650,-0.240229,0.893396,0.000000,-0.517759,-0.855468,-0.010007,0.000000,1.025020,-0.149493,-1.053123,1.000000;;
        }

        Frame Hands_RArmThumb2 {
         

         FrameTransformMatrix {
          0.338937,-0.009232,-0.940764,0.000000,0.115202,0.992834,0.031762,0.000000,0.933729,-0.119143,0.337572,0.000000,2.997646,0.000000,0.000000,1.000000;;
         }

         Frame Hands_RArmThumb3 {
          

          FrameTransformMatrix {
           0.654040,0.007731,-0.756421,0.000000,-0.008211,0.999961,0.003121,0.000000,0.756416,0.004170,0.654078,0.000000,1.568377,0.000001,-0.000000,1.000000;;
          }
         }
        }
       }

       Frame Hands_RArmFinger11 {
        

        FrameTransformMatrix {
         0.851313,0.125893,-0.509330,0.000000,-0.058692,0.987543,0.145996,0.000000,0.521365,-0.094395,0.848097,0.000000,4.651292,-1.298333,-0.184425,1.000000;;
        }

        Frame Hands_RArmFinger12 {
         

         FrameTransformMatrix {
          -0.256488,-0.007233,-0.966521,0.000000,-0.022303,0.999750,-0.001563,0.000000,0.966290,0.021156,-0.256585,0.000000,1.967898,0.000000,0.000001,1.000000;;
         }

         Frame Hands_RArmFinger13 {
          

          FrameTransformMatrix {
           0.671953,0.015784,-0.740426,0.000000,-0.021865,0.999760,0.001469,0.000000,0.740271,0.015202,0.672136,0.000000,1.282022,-0.000001,0.000001,1.000000;;
          }
         }
        }
       }

       Frame Hands_RArmFinger21 {
        

        FrameTransformMatrix {
         0.605914,0.153662,-0.780549,0.000000,-0.058021,0.987091,0.149283,0.000000,0.793412,-0.045164,0.607008,0.000000,4.644096,-0.310961,0.107954,1.000000;;
        }

        Frame Hands_RArmFinger22 {
         

         FrameTransformMatrix {
          -0.494945,-0.009469,-0.868873,0.000000,-0.041156,0.999074,0.012556,0.000000,0.867949,0.041974,-0.494876,0.000000,2.267685,0.000000,-0.000003,1.000000;;
         }

         Frame Hands_RArmFinger23 {
          

          FrameTransformMatrix {
           0.995453,-0.047701,-0.082458,0.000000,0.048761,0.998751,0.010888,0.000000,0.081836,-0.014859,0.996535,0.000000,1.357076,0.000001,0.000000,1.000000;;
          }
         }
        }
       }

       Frame Hands_RArmFinger31 {
        

        FrameTransformMatrix {
         0.991076,0.133181,-0.005663,0.000000,-0.133257,0.990946,-0.016352,0.000000,0.003434,0.016961,0.999850,0.000000,0.370753,0.194487,0.112022,1.000000;;
        }

        Frame Hands_RArmFinger32 {
         

         FrameTransformMatrix {
          0.644594,0.026389,-0.764070,0.000000,-0.005791,0.999544,0.029636,0.000000,0.764504,-0.014679,0.644452,0.000000,4.166523,-0.000001,0.000000,1.000000;;
         }

         Frame Hands_RArmFinger33 {
          

          FrameTransformMatrix {
           -0.341605,0.021756,-0.939592,0.000000,0.068006,0.997683,-0.001623,0.000000,0.937380,-0.064453,-0.342294,0.000000,2.171417,0.000000,0.000006,1.000000;;
          }

          Frame Hands_RArmFinger34 {
           

           FrameTransformMatrix {
            0.905286,-0.008042,-0.424727,0.000000,0.005513,0.999959,-0.007183,0.000000,0.424767,0.004161,0.905293,0.000000,1.301957,0.000002,0.000000,1.000000;;
           }
          }
         }
        }
       }

       Frame Hands_RArmFinger41 {
        

        FrameTransformMatrix {
         0.949072,0.301639,-0.090982,0.000000,-0.307961,0.949121,-0.065791,0.000000,0.066508,0.090459,0.993677,0.000000,0.379578,0.407063,0.157654,1.000000;;
        }

        Frame Hands_RArmFinger42 {
         

         FrameTransformMatrix {
          0.988945,-0.095627,-0.113328,0.000000,0.093015,0.995267,-0.028129,0.000000,0.115482,0.017277,0.993160,0.000000,3.826996,-0.000001,0.000000,1.000000;;
         }

         Frame Hands_RArmFinger43 {
          

          FrameTransformMatrix {
           -0.029009,-0.004289,-0.999570,0.000000,0.157151,0.987535,-0.008798,0.000000,0.987148,-0.157339,-0.027973,0.000000,1.617778,-0.000001,-0.000001,1.000000;;
          }

          Frame Hands_RArmFinger44 {
           

           FrameTransformMatrix {
            0.383737,0.013878,-0.923338,0.000000,-0.080167,0.996613,-0.018338,0.000000,0.919956,0.081058,0.383550,0.000000,1.026681,0.000002,-0.000002,1.000000;;
           }
          }
         }
        }
       }

       Frame Hands_RPalm_morph {
        

        FrameTransformMatrix {
         1.000000,0.000000,0.000000,0.000000,0.000000,0.999650,0.026453,0.000000,-0.000000,-0.026453,0.999650,0.000000,-0.000001,-0.000001,2.736036,1.000000;;
        }
       }
      }

      Frame Hands_R_wrist {
       

       FrameTransformMatrix {
        1.000000,-0.000000,0.000000,0.000000,0.000000,0.744052,-0.668122,0.000000,0.000000,0.668122,0.744052,0.000000,12.667591,0.000001,0.000001,1.000000;;
       }
      }

      Frame Hands_R_Sleeve {
       

       FrameTransformMatrix {
        1.000000,-0.000000,0.000000,0.000000,0.000000,1.000000,0.000000,0.000000,-0.000000,0.000000,1.000000,0.000000,11.831044,0.000000,0.000000,1.000000;;
       }
      }
     }
    }
   }
  }

  Frame LAW {
   

   FrameTransformMatrix {
    0.999980,0.006266,-0.000126,0.000000,-0.006266,0.999980,0.000019,0.000000,0.000126,-0.000018,1.000000,0.000000,-14.933694,-6.785890,-6.949800,1.000000;;
   }

   Frame Rocket {
    

    FrameTransformMatrix {
     1.000000,-0.000000,0.000000,0.000000,0.000000,1.000000,0.000000,0.000000,-0.000000,0.000000,1.000000,0.000000,2.578707,6.666005,-0.090186,1.000000;;
    }
   }

   Frame Hatch {
    

    FrameTransformMatrix {
     1.000000,-0.000000,0.000000,0.000000,0.000000,1.000000,0.000000,0.000000,-0.000000,0.000000,1.000000,0.000000,4.098800,10.851878,-0.028737,1.000000;;
    }
   }

   Frame tip {
    

    FrameTransformMatrix {
     1.000000,-0.000000,0.000000,0.000000,0.000000,1.000000,-0.000000,0.000000,-0.000000,0.000000,1.000000,0.000000,42.590102,7.421326,-0.000004,1.000000;;
    }
   }
  }
 }

 Frame LAW_Trip {
  

  FrameTransformMatrix {
   1.000000,0.000000,0.000000,0.000000,0.000000,1.000000,0.000000,0.000000,0.000000,0.000000,1.000000,0.000000,0.000000,0.000000,0.000000,1.000000;;
  }

  Mesh LAW_Trip {
   6960;
   2.640878;-0.097155;0.915694;,
   8.468162;-0.000784;0.982639;,
   8.468162;-0.103617;0.977232;,
   2.640878;-0.000784;0.920742;,
   8.468162;0.102021;0.977232;,
   2.640878;-0.000784;0.920742;,
   2.640878;0.095559;0.915694;,
   8.468162;0.203715;0.961147;,
   2.640878;0.190847;0.900609;,
   8.468162;0.303164;0.934496;,
   2.640878;0.190847;0.900609;,
   2.640878;0.284029;0.875649;,
   8.468162;0.399258;0.897584;,
   2.640878;0.374105;0.841066;,
   8.468162;0.490997;0.850855;,
   2.640878;0.460048;0.797277;,
   8.468162;0.577356;0.794779;,
   2.640878;0.540971;0.744724;,
   8.468162;0.657364;0.729996;,
   2.640878;0.540971;0.744724;,
   2.640878;0.615960;0.683990;,
   8.468162;0.730162;0.657198;,
   2.640878;0.684154;0.615795;,
   8.468162;0.794946;0.577189;,
   2.640878;0.744889;0.540806;,
   8.468162;0.851021;0.490830;,
   2.640878;0.797441;0.459883;,
   8.468162;0.897750;0.399092;,
   2.640878;0.841231;0.373940;,
   8.468162;0.934662;0.302970;,
   2.640878;0.875814;0.283864;,
   8.468162;0.961313;0.203549;,
   2.640878;0.900773;0.190682;,
   8.468162;0.977398;0.101854;,
   2.640878;0.915859;0.095394;,
   8.468162;0.982806;-0.000950;,
   2.640878;0.915859;0.095394;,
   2.640878;0.920907;-0.000949;,
   8.468162;0.977398;-0.103783;,
   2.640878;0.915859;-0.097320;,
   8.468162;0.961313;-0.205478;,
   2.640878;0.900773;-0.192608;,
   8.468162;0.934662;-0.304899;,
   2.640878;0.875814;-0.285790;,
   8.468162;0.897750;-0.401021;,
   2.640878;0.841231;-0.375865;,
   8.468162;0.851021;-0.492759;,
   2.640878;0.797441;-0.461809;,
   8.468162;0.794946;-0.579118;,
   2.640878;0.744889;-0.542732;,
   8.468162;0.730162;-0.659127;,
   2.640878;0.684182;-0.617721;,
   8.468162;0.657364;-0.731925;,
   2.640878;0.615960;-0.685943;,
   8.468162;0.577356;-0.796708;,
   2.640878;0.540971;-0.746650;,
   8.468162;0.490997;-0.852783;,
   2.640878;0.460048;-0.799202;,
   8.468162;0.399258;-0.899512;,
   2.640878;0.374105;-0.842992;,
   8.468162;0.303164;-0.936425;,
   2.640878;0.284029;-0.877575;,
   8.468162;0.203715;-0.963076;,
   2.640878;0.190847;-0.902534;,
   8.468162;0.102021;-0.979160;,
   2.640878;0.095559;-0.917620;,
   8.468162;-0.000784;-0.984568;,
   2.640878;-0.000784;-0.922668;,
   8.468162;-0.103617;-0.979160;,
   2.640878;-0.000784;-0.922668;,
   2.640878;-0.097155;-0.917620;,
   8.468162;-0.205312;-0.963076;,
   2.640878;-0.192444;-0.902534;,
   2.640878;-0.192444;0.900609;,
   8.468162;-0.205312;0.961147;,
   2.640878;-0.285625;0.875649;,
   8.468162;-0.304733;0.934496;,
   2.640878;-0.375700;0.841066;,
   8.468162;-0.400854;0.897584;,
   2.640878;-0.461643;0.797277;,
   8.468162;-0.492593;0.850855;,
   2.640878;-0.542567;0.744724;,
   8.468162;-0.578952;0.794779;,
   2.640878;-0.617556;0.683990;,
   8.468162;-0.658961;0.729996;,
   2.640878;-0.685750;0.615795;,
   8.468162;-0.731758;0.657198;,
   2.640878;-0.746485;0.540806;,
   8.468162;-0.796542;0.577189;,
   2.640878;-0.799038;0.459883;,
   8.468162;-0.852617;0.490830;,
   2.640878;-0.842828;0.373940;,
   8.468162;-0.899346;0.399092;,
   2.640878;-0.877410;0.283864;,
   8.468162;-0.936258;0.302970;,
   2.640878;-0.902369;0.190682;,
   8.468162;-0.962909;0.203549;,
   2.640878;-0.917456;0.095394;,
   8.468162;-0.978994;0.101854;,
   2.640878;-0.922503;-0.000949;,
   8.468162;-0.984402;-0.000950;,
   2.640878;-0.917456;-0.097320;,
   8.468162;-0.978994;-0.103783;,
   2.640878;-0.902369;-0.192608;,
   8.468162;-0.962909;-0.205478;,
   2.640878;-0.877410;-0.285790;,
   8.468162;-0.936258;-0.304899;,
   2.640878;-0.842828;-0.375865;,
   8.468162;-0.899346;-0.401021;,
   2.640878;-0.799038;-0.461809;,
   8.468162;-0.852617;-0.492759;,
   2.640878;-0.746485;-0.542732;,
   8.468162;-0.796542;-0.579118;,
   2.640878;-0.685750;-0.617721;,
   8.468162;-0.731758;-0.659127;,
   2.640878;-0.617556;-0.685943;,
   8.468162;-0.658961;-0.731925;,
   2.640878;-0.542567;-0.746650;,
   8.468162;-0.578952;-0.796708;,
   2.640878;-0.461643;-0.799202;,
   8.468162;-0.492593;-0.852783;,
   2.640878;-0.375700;-0.842992;,
   8.468162;-0.400854;-0.899512;,
   2.640878;-0.285625;-0.877575;,
   8.468162;-0.304733;-0.936425;,
   2.640878;-0.192444;-0.902534;,
   8.468162;-0.205312;-0.963076;,
   6.244353;-0.020030;-2.703763;,
   6.244353;-0.844186;-0.629647;,
   6.244353;-0.020030;-1.070510;,
   6.244353;-0.836061;-2.666657;,
   6.244492;-0.853061;-2.749133;,
   6.244492;-0.876661;-2.800217;,
   6.244353;0.069490;-5.267651;,
   6.244492;-0.901565;-2.840291;,
   6.244492;-0.929741;-2.877119;,
   6.244353;-0.284682;-5.317425;,
   6.244492;-0.971784;-2.912921;,
   6.244353;-1.039007;-2.950555;,
   6.244353;-0.620773;-5.439753;,
   6.244353;-1.715002;-3.196265;,
   6.244353;-2.460852;-3.662310;,
   6.244352;-0.924084;-5.629286;,
   6.244353;-3.093506;-4.273261;,
   6.244352;-1.181359;-5.877733;,
   6.244353;-3.585310;-5.002392;,
   6.244352;-1.381366;-6.174247;,
   6.244353;-3.672498;-5.034126;,
   6.244352;-1.515342;-6.505864;,
   6.244352;-3.981419;-5.798731;,
   6.244352;-1.577462;-6.858090;,
   6.244352;-4.136656;-6.679134;,
   6.244352;-1.564983;-7.215532;,
   6.244352;-4.105455;-7.572574;,
   6.244352;-1.478457;-7.562566;,
   6.244352;-3.889183;-8.440001;,
   6.244352;-3.527678;-9.181194;,
   6.244352;-1.321657;-7.884030;,
   6.244352;-3.438488;-9.206769;,
   6.244352;-2.897021;-9.899803;,
   6.244352;-1.101461;-8.165867;,
   6.244352;-2.223292;-10.465131;,
   6.244352;-0.827491;-8.395767;,
   6.244352;-1.446759;-10.878040;,
   6.244352;-0.511673;-8.563680;,
   6.244352;-0.601332;-11.120451;,
   6.244352;-0.167873;-8.662264;,
   6.244352;0.276014;-11.181795;,
   6.244352;0.188906;-8.687211;,
   6.244352;1.146955;-11.059411;,
   6.244352;0.543078;-8.637437;,
   6.244352;1.973412;-10.758597;,
   6.244352;0.879170;-8.515109;,
   6.244352;2.719251;-10.292551;,
   6.244352;1.182480;-8.325577;,
   6.244352;3.351914;-9.681601;,
   6.244352;1.439755;-8.077126;,
   6.244352;3.843695;-8.952470;,
   6.244352;1.639762;-7.780615;,
   6.244352;4.173158;-8.137020;,
   6.244352;1.773738;-7.448998;,
   6.244352;4.325881;-7.270891;,
   6.244352;1.835859;-7.096772;,
   6.244352;4.295209;-6.391939;,
   6.244352;1.823379;-6.739330;,
   6.244352;4.082418;-5.538572;,
   6.244352;1.736854;-6.392294;,
   6.244353;3.696878;-4.748093;,
   6.244352;1.580054;-6.070832;,
   6.244353;3.155429;-4.055058;,
   6.244352;1.359858;-5.788995;,
   6.244353;2.481694;-3.489731;,
   6.244352;1.085888;-5.559094;,
   6.244353;1.705155;-3.076821;,
   6.244353;0.770070;-5.391182;,
   6.244353;0.426269;-5.292599;,
   6.244353;1.021771;-2.881224;,
   6.242439;0.944147;-2.841594;,
   6.242412;0.867938;-2.756732;,
   6.243410;0.820182;-2.676280;,
   6.244353;0.802960;-2.601346;,
   6.244353;0.809117;-0.677263;,
   10.713646;-0.000784;-1.101600;,
   5.860452;-0.115847;-1.095581;,
   5.860452;-0.000784;-1.101599;,
   10.713646;-0.115847;-1.095582;,
   5.860452;-0.229633;-1.077554;,
   10.713646;-0.229633;-1.077555;,
   5.513795;-0.131044;-1.240122;,
   5.513795;-0.000784;-1.246973;,
   5.513795;0.129448;-1.240122;,
   5.860452;0.114250;-1.095581;,
   10.713646;0.114250;-1.095582;,
   10.713646;0.228037;-1.077555;,
   5.860452;0.228037;-1.077554;,
   10.713646;0.339327;-1.047743;,
   5.860452;0.339327;-1.047742;,
   10.713646;0.446875;-1.006450;,
   5.860452;0.446875;-1.006449;,
   10.713646;0.549513;-0.954145;,
   5.860452;0.549513;-0.954145;,
   10.713646;0.646133;-0.891387;,
   5.860452;0.646133;-0.891386;,
   5.513795;0.731577;-1.009000;,
   5.513795;0.622200;-1.080022;,
   5.513795;0.506000;-1.139232;,
   5.513795;0.384227;-1.185989;,
   5.513795;0.258266;-1.219739;,
   2.272554;0.258266;-1.219739;,
   2.272554;0.384227;-1.185988;,
   2.272554;0.506000;-1.139231;,
   2.272554;0.622200;-1.080022;,
   2.272554;0.731577;-1.008999;,
   2.272554;0.832939;-0.926911;,
   5.513795;0.832939;-0.926911;,
   5.860452;0.735681;-0.818893;,
   5.513795;0.925150;-0.834701;,
   5.860452;0.817132;-0.737443;,
   5.513795;1.007238;-0.733338;,
   5.860452;0.889625;-0.647894;,
   5.513795;1.078261;-0.623961;,
   5.860452;0.952383;-0.551274;,
   5.513795;1.137470;-0.507762;,
   2.272554;1.137470;-0.507761;,
   2.272554;1.184228;-0.385987;,
   5.513795;1.184228;-0.385988;,
   2.272554;1.217978;-0.260027;,
   5.513795;1.217978;-0.260027;,
   2.272554;1.238361;-0.131209;,
   5.513795;1.238361;-0.131209;,
   2.272554;1.245211;-0.000949;,
   5.513795;1.245211;-0.000949;,
   2.272554;1.238361;0.129283;,
   5.513795;1.238361;0.129282;,
   2.272554;1.217978;0.258101;,
   5.513795;1.217978;0.258101;,
   2.272554;1.184228;0.384062;,
   5.513795;1.184228;0.384061;,
   2.272554;1.137470;0.505835;,
   5.513795;1.137470;0.505835;,
   2.272554;1.078261;0.622035;,
   5.513795;1.078261;0.622035;,
   5.860452;1.004687;0.446709;,
   5.860452;1.045981;0.339163;,
   5.860452;1.075793;0.227871;,
   5.860452;1.093820;0.114085;,
   5.860452;1.099837;-0.000949;,
   5.860452;1.093820;-0.116012;,
   5.860452;1.075793;-0.229798;,
   5.860452;1.045981;-0.341089;,
   5.860452;1.004687;-0.448636;,
   10.713646;1.004687;-0.448637;,
   10.713646;1.045981;-0.341090;,
   10.713646;1.075793;-0.229799;,
   10.713646;1.093820;-0.116013;,
   10.713646;1.099837;-0.000950;,
   10.713646;1.093820;0.114084;,
   10.713646;1.075793;0.227870;,
   10.713646;1.045981;0.339162;,
   10.713646;1.004687;0.446708;,
   10.713646;0.952383;0.549346;,
   5.860452;0.952383;0.549347;,
   5.513795;1.007238;0.731411;,
   5.860452;0.889625;0.645968;,
   5.513795;0.925150;0.832774;,
   5.860452;0.817132;0.735516;,
   5.513795;0.832939;0.924985;,
   2.272554;0.832939;0.924985;,
   2.272554;0.925150;0.832774;,
   2.272554;1.007238;0.731412;,
   2.272554;-0.000784;-1.246972;,
   2.272554;-0.131044;-1.240122;,
   5.513795;-0.259861;-1.219739;,
   2.272554;-0.259861;-1.219739;,
   2.272554;1.078261;-0.623961;,
   2.272554;1.007238;-0.733338;,
   2.272554;0.925150;-0.834700;,
   10.713646;0.889625;0.645967;,
   10.713646;0.817132;0.735515;,
   10.713646;0.735681;0.816966;,
   5.860452;0.735681;0.816967;,
   5.513795;0.731577;1.007073;,
   5.860452;0.646133;0.889460;,
   5.513795;0.622200;1.078096;,
   2.272555;0.622200;1.078097;,
   2.272554;0.731577;1.007073;,
   10.713646;0.952383;-0.551275;,
   10.713646;0.889625;-0.647895;,
   10.713646;0.817132;-0.737443;,
   10.713646;0.735681;-0.818894;,
   10.713646;0.646133;0.889459;,
   10.713646;0.549513;0.952217;,
   5.860452;0.549513;0.952218;,
   5.513795;0.506000;1.137305;,
   2.272555;0.506000;1.137306;,
   2.272555;0.384227;1.184063;,
   5.513795;0.384227;1.184063;,
   5.860452;0.446875;1.004522;,
   10.713646;0.446875;1.004521;,
   10.713646;0.339327;1.045814;,
   5.860452;0.339327;1.045815;,
   5.513795;0.258266;1.217812;,
   5.860452;0.228037;1.075628;,
   10.713646;0.228037;1.075627;,
   10.713646;0.114250;1.093653;,
   5.860452;0.114250;1.093654;,
   5.513795;0.129448;1.238196;,
   2.272555;0.129448;1.238197;,
   2.272555;-0.000784;1.245047;,
   5.513795;-0.000784;1.245046;,
   5.860452;-0.000784;1.099672;,
   5.513795;-0.131044;1.238196;,
   5.860452;-0.115847;1.093654;,
   10.713646;-0.115847;1.093653;,
   10.713646;-0.000784;1.099671;,
   2.272555;-0.131044;1.238197;,
   2.272555;-0.259861;1.217813;,
   5.513795;-0.259861;1.217812;,
   5.860452;-0.229633;1.075628;,
   10.713646;-0.229633;1.075627;,
   10.713646;-0.340924;1.045814;,
   5.860452;-0.340924;1.045815;,
   5.513795;-0.385823;1.184063;,
   2.272555;-0.385823;1.184063;,
   2.272555;-0.507596;1.137306;,
   5.513795;-0.507596;1.137305;,
   5.860452;-0.448471;1.004522;,
   5.513795;-0.623796;1.078096;,
   5.860452;-0.551109;0.952218;,
   10.713646;-0.551109;0.952217;,
   10.713646;-0.448471;1.004521;,
   10.713646;-0.647729;0.889459;,
   5.860452;-0.647729;0.889460;,
   10.713646;-0.737278;0.816966;,
   5.860452;-0.737278;0.816967;,
   5.513795;-0.834535;0.924985;,
   5.513795;-0.733173;1.007073;,
   2.272554;-0.733173;1.007073;,
   2.272555;-0.623796;1.078097;,
   10.713646;-0.818728;0.735515;,
   5.860452;-0.818728;0.735516;,
   10.713646;-0.891220;0.645967;,
   5.860452;-0.891220;0.645968;,
   10.713646;-0.953979;0.549346;,
   5.860452;-0.953979;0.549347;,
   5.513795;-1.079857;0.622035;,
   5.513795;-1.008834;0.731411;,
   5.513795;-0.926746;0.832774;,
   2.272554;-0.926746;0.832774;,
   2.272554;-0.834535;0.924985;,
   5.513795;-1.139067;0.505835;,
   5.860452;-1.006283;0.446709;,
   5.513795;-1.185824;0.384061;,
   5.860452;-1.047577;0.339163;,
   5.513795;-1.219574;0.258101;,
   5.860452;-1.077389;0.227871;,
   5.513795;-1.239957;0.129282;,
   5.860452;-1.095415;0.114085;,
   5.513795;-1.246808;-0.000949;,
   5.860452;-1.101433;-0.000949;,
   10.713646;-1.101433;-0.000950;,
   10.713646;-1.095415;0.114084;,
   10.713646;-1.077389;0.227870;,
   10.713646;-1.047577;0.339162;,
   10.713646;-1.006283;0.446708;,
   2.272554;-1.008834;0.731412;,
   2.272554;-1.079857;0.622035;,
   2.272554;-1.139067;0.505835;,
   2.272554;-1.185824;0.384062;,
   2.272554;-1.219574;0.258101;,
   2.272554;-1.239957;0.129283;,
   2.272554;-1.246808;-0.000949;,
   2.272554;-1.239957;-0.131209;,
   5.513795;-1.239957;-0.131209;,
   5.860452;-1.095415;-0.116012;,
   5.513795;-1.219574;-0.260027;,
   5.860452;-1.077389;-0.229798;,
   5.513795;-1.185824;-0.385988;,
   5.860452;-1.047577;-0.341089;,
   5.513795;-1.139067;-0.507762;,
   5.860452;-1.006283;-0.448636;,
   5.513795;-1.079857;-0.623961;,
   5.860452;-0.953979;-0.551274;,
   5.513795;-1.008834;-0.733338;,
   5.860452;-0.891220;-0.647894;,
   10.713646;-0.891220;-0.647895;,
   10.713646;-0.818728;-0.737443;,
   5.860452;-0.818728;-0.737443;,
   5.513795;-0.926746;-0.834701;,
   2.272554;-0.926746;-0.834700;,
   2.272554;-0.834535;-0.926911;,
   5.513795;-0.834535;-0.926911;,
   5.860452;-0.737278;-0.818893;,
   10.713646;-0.737278;-0.818894;,
   10.713646;-0.647729;-0.891387;,
   5.860452;-0.647729;-0.891386;,
   5.513795;-0.733173;-1.009000;,
   2.272554;-0.733173;-1.008999;,
   2.272554;-0.623796;-1.080022;,
   5.513795;-0.623796;-1.080022;,
   5.860452;-0.551109;-0.954145;,
   10.713646;-0.551109;-0.954145;,
   10.713646;-0.448471;-1.006450;,
   5.860452;-0.448471;-1.006449;,
   5.513795;-0.507596;-1.139232;,
   2.272554;-0.507596;-1.139231;,
   2.272554;-0.623796;-1.080022;,
   2.272554;-0.385823;-1.185988;,
   5.513795;-0.385823;-1.185989;,
   5.860452;-0.340924;-1.047742;,
   5.513795;-0.259861;-1.219739;,
   5.860452;-0.229633;-1.077554;,
   10.713646;-0.229633;-1.077555;,
   10.713646;-0.340924;-1.047743;,
   2.272554;-0.259861;-1.219739;,
   10.713646;-0.953979;-0.551275;,
   10.713646;-1.006283;-0.448637;,
   10.713646;-1.047577;-0.341090;,
   10.713646;-1.077389;-0.229799;,
   10.713646;-1.095415;-0.116013;,
   2.272554;-1.079857;-0.623961;,
   2.272554;-1.139067;-0.507761;,
   2.272554;-1.185824;-0.385987;,
   2.272554;-1.219574;-0.260027;,
   2.272554;-1.008834;-0.733338;,
   2.272555;0.258266;1.217813;,
   2.272554;0.129448;-1.240122;,
   6.712285;-0.000784;1.060735;,
   6.712285;-0.369405;1.133450;,
   6.712285;-0.432635;0.968968;,
   6.712285;-0.125470;1.185310;,
   6.712285;0.123874;1.185310;,
   6.712285;0.431039;0.968968;,
   6.712285;0.367809;1.133450;,
   6.712285;0.595604;1.032033;,
   6.712285;0.788207;0.709475;,
   6.712285;0.797358;0.885466;,
   6.712285;0.964198;0.700157;,
   6.712284;1.008958;0.327127;,
   6.712285;1.088883;0.484204;,
   6.712284;1.165952;0.247035;,
   6.712284;1.055104;-0.111935;,
   6.712284;1.192020;-0.000949;,
   6.712284;1.165952;-0.248962;,
   6.712284;0.918661;-0.531806;,
   6.712284;1.088883;-0.486131;,
   6.712284;0.964198;-0.702084;,
   6.712284;0.623253;-0.859909;,
   6.712284;0.797358;-0.887393;,
   6.712284;0.595604;-1.033959;,
   6.712284;0.219939;-1.039478;,
   6.712284;0.367809;-1.135377;,
   6.712284;0.123874;-1.187237;,
   6.712284;-0.221535;-1.039478;,
   6.712284;-0.125470;-1.187237;,
   6.712284;-0.369405;-1.135377;,
   6.712284;-0.624850;-0.859909;,
   6.712284;-0.597200;-1.033959;,
   6.712284;-0.798954;-0.887393;,
   6.712284;-0.920256;-0.531806;,
   6.712284;-0.965793;-0.702084;,
   6.712284;-1.090479;-0.486131;,
   6.712284;-1.056701;-0.111935;,
   6.712284;-1.167548;-0.248962;,
   6.712284;-1.193616;-0.000949;,
   6.712284;-1.167548;0.247035;,
   6.712284;-1.010554;0.327127;,
   6.712285;-1.090479;0.484204;,
   6.712285;-0.789803;0.709475;,
   6.712285;-0.965793;0.700157;,
   6.712285;-0.798954;0.885466;,
   6.712285;-0.597200;1.032033;,
   8.891174;-0.369405;1.133449;,
   8.891174;-0.000784;1.060734;,
   8.891174;-0.432635;0.968967;,
   8.891174;-0.125470;1.185309;,
   8.891174;0.123874;1.185309;,
   8.891174;0.431039;0.968967;,
   8.891174;0.367809;1.133449;,
   8.891174;0.595604;1.032032;,
   8.891174;0.788207;0.709475;,
   8.891174;0.797358;0.885465;,
   8.891174;0.964198;0.700157;,
   8.891174;1.008958;0.327126;,
   8.891174;1.088883;0.484203;,
   8.891174;1.165952;0.247035;,
   8.891174;1.055104;-0.111936;,
   8.891174;1.192020;-0.000950;,
   8.891174;1.165952;-0.248962;,
   8.891174;0.918661;-0.531806;,
   8.891174;1.088883;-0.486131;,
   8.891174;0.964198;-0.702085;,
   8.891174;0.623253;-0.859910;,
   8.891174;0.797358;-0.887393;,
   8.891174;0.595604;-1.033959;,
   8.891174;0.219939;-1.039478;,
   8.891174;0.367809;-1.135377;,
   8.891174;0.123874;-1.187237;,
   8.891174;-0.221535;-1.039478;,
   8.891174;-0.125470;-1.187237;,
   8.891174;-0.369405;-1.135377;,
   8.891174;-0.624850;-0.859910;,
   8.891174;-0.597200;-1.033959;,
   8.891174;-0.798954;-0.887393;,
   8.891174;-0.920256;-0.531806;,
   8.891174;-0.965793;-0.702085;,
   8.891174;-1.090479;-0.486131;,
   8.891174;-1.056701;-0.111936;,
   8.891174;-1.167548;-0.248962;,
   8.891174;-1.193616;-0.000950;,
   8.891174;-1.167548;0.247035;,
   8.891174;-1.010554;0.327126;,
   8.891174;-1.090479;0.484203;,
   8.891174;-0.789803;0.709475;,
   8.891174;-0.965793;0.700157;,
   8.891174;-0.798954;0.885465;,
   8.891174;-0.597200;1.032032;,
   9.398875;-0.369405;1.133449;,
   9.398875;-0.000784;1.060734;,
   9.398875;-0.125470;1.185309;,
   9.398875;-0.432635;0.968967;,
   9.398875;-0.597200;1.032032;,
   9.398875;-0.798954;0.885465;,
   9.398875;-0.789803;0.709475;,
   9.398875;-0.965793;0.700157;,
   9.398875;-1.090479;0.484203;,
   9.398875;-1.010554;0.327126;,
   9.398875;-1.167548;0.247035;,
   9.398875;-1.056701;-0.111936;,
   9.398875;-1.193616;-0.000950;,
   9.398875;-1.167548;-0.248962;,
   9.398875;-1.090479;-0.486131;,
   9.398875;-0.920256;-0.531806;,
   9.398875;-0.965793;-0.702085;,
   9.398875;-0.798954;-0.887393;,
   9.398875;-0.624850;-0.859910;,
   9.398875;-0.597200;-1.033959;,
   9.398875;-0.369405;-1.135377;,
   9.398875;-0.221535;-1.039478;,
   9.398875;-0.125470;-1.187237;,
   9.398875;0.123874;-1.187237;,
   9.398875;0.219939;-1.039478;,
   9.398875;0.367809;-1.135377;,
   9.398875;0.595604;-1.033959;,
   9.398875;0.623253;-0.859910;,
   9.398875;0.797358;-0.887393;,
   9.398875;0.964198;-0.702085;,
   9.398875;0.918661;-0.531806;,
   9.398875;1.088883;-0.486131;,
   9.398875;1.165952;-0.248962;,
   9.398875;1.055104;-0.111936;,
   9.398875;1.192020;-0.000950;,
   9.398875;1.165952;0.247035;,
   9.398875;1.008958;0.327126;,
   9.398875;1.088883;0.484203;,
   9.398875;0.964198;0.700157;,
   9.398875;0.788207;0.709475;,
   9.398875;0.797358;0.885465;,
   9.398875;0.595604;1.032032;,
   9.398875;0.431039;0.968967;,
   9.398875;0.367809;1.133449;,
   9.398875;0.123874;1.185309;,
   9.354391;0.069490;-5.267651;,
   6.244353;-0.284682;-5.317425;,
   6.244353;0.069490;-5.267651;,
   9.354391;-0.284682;-5.317425;,
   6.244353;-0.620773;-5.439753;,
   9.354391;-0.620773;-5.439754;,
   6.244352;-0.924084;-5.629286;,
   9.354391;-0.924084;-5.629286;,
   6.244352;-1.181359;-5.877733;,
   9.354391;-1.181359;-5.877733;,
   6.244352;-1.381366;-6.174247;,
   9.354391;-1.381366;-6.174247;,
   6.244352;-1.515342;-6.505864;,
   9.354391;-1.515342;-6.505865;,
   6.244352;-1.577462;-6.858090;,
   9.354391;-1.577462;-6.858090;,
   6.244352;-1.564983;-7.215532;,
   9.354391;-1.564983;-7.215532;,
   6.244352;-1.478457;-7.562566;,
   9.354391;-1.478457;-7.562566;,
   6.244352;-1.321657;-7.884030;,
   9.354391;-1.321657;-7.884030;,
   6.244352;-1.101461;-8.165867;,
   9.354391;-1.101461;-8.165868;,
   6.244352;-0.827491;-8.395767;,
   9.354391;-0.827491;-8.395768;,
   6.244352;-0.511673;-8.563680;,
   9.354391;-0.511673;-8.563681;,
   6.244352;-0.167873;-8.662264;,
   9.354391;-0.167873;-8.662264;,
   6.244352;0.188906;-8.687211;,
   9.354391;0.188906;-8.687212;,
   6.244352;0.543078;-8.637437;,
   9.354391;0.543078;-8.637438;,
   6.244352;0.879170;-8.515109;,
   9.354391;0.879170;-8.515109;,
   6.244352;1.182480;-8.325577;,
   9.354391;1.182480;-8.325580;,
   6.244352;1.439755;-8.077126;,
   9.354391;1.439755;-8.077130;,
   6.244352;1.639762;-7.780615;,
   9.354391;1.639762;-7.780616;,
   6.244352;1.773738;-7.448998;,
   9.354391;1.773738;-7.448998;,
   6.244352;1.835859;-7.096772;,
   9.354391;1.835859;-7.096772;,
   6.244352;1.823379;-6.739330;,
   9.354391;1.823379;-6.739330;,
   6.244352;1.736854;-6.392294;,
   9.354391;1.736854;-6.392294;,
   6.244352;1.580054;-6.070832;,
   9.354391;1.580054;-6.070832;,
   6.244352;1.359858;-5.788995;,
   9.354391;1.359858;-5.788995;,
   6.244352;1.085888;-5.559094;,
   9.354391;1.085888;-5.559095;,
   9.354391;0.426269;-5.292599;,
   6.244353;0.426269;-5.292599;,
   9.354391;0.770070;-5.391183;,
   6.244353;0.770070;-5.391182;,
   9.354391;1.085888;-5.559095;,
   6.244352;1.085888;-5.559094;,
   6.204585;-0.369405;1.133450;,
   6.204585;-0.000784;1.060735;,
   6.204585;-0.432635;0.968968;,
   6.204585;-0.125470;1.185310;,
   6.204585;0.123874;1.185310;,
   6.204585;0.431039;0.968968;,
   6.204585;0.367809;1.133450;,
   6.204585;0.595604;1.032033;,
   6.204585;0.788207;0.709475;,
   6.204585;0.797358;0.885466;,
   6.204585;0.964198;0.700157;,
   6.204584;1.008958;0.327127;,
   6.204585;1.088883;0.484204;,
   6.204584;1.165952;0.247035;,
   6.204584;1.055104;-0.111935;,
   6.204584;1.192020;-0.000949;,
   6.204584;1.165952;-0.248962;,
   6.204584;0.918661;-0.531806;,
   6.204584;1.088883;-0.486131;,
   6.204584;0.964198;-0.702084;,
   6.204584;0.623253;-0.859909;,
   6.204584;0.797358;-0.887393;,
   6.204584;0.595604;-1.033959;,
   6.204584;0.219939;-1.039478;,
   6.204584;0.367809;-1.135377;,
   6.204584;0.123874;-1.187237;,
   6.204584;-0.221535;-1.039478;,
   6.204584;-0.125470;-1.187237;,
   6.204584;-0.369405;-1.135377;,
   6.204584;-0.624850;-0.859909;,
   6.204584;-0.597200;-1.033959;,
   6.204584;-0.798954;-0.887393;,
   6.204584;-0.920256;-0.531806;,
   6.204584;-0.965793;-0.702084;,
   6.204584;-1.090479;-0.486131;,
   6.204584;-1.056701;-0.111935;,
   6.204584;-1.167548;-0.248962;,
   6.204584;-1.193616;-0.000949;,
   6.204584;-1.167548;0.247035;,
